"V1" "V2" "V3"
"/rpandin_first_haplo_PITG_00006.FASTA" -0.268253264507781 -3.26592450285194 -0.139790383185409
"/rpandin_first_haplo_PITG_00009.FASTA" 0.524692302915293 0.649016372999741 -0.764027450594112
"/rpandin_first_haplo_PITG_00012.FASTA" -0.292182192226908 -2.60454008423245 0.0317403824785197
"/rpandin_first_haplo_PITG_00045.FASTA" 1.05340355362987 1.33980571129488 -0.913092593118735
"/rpandin_first_haplo_PITG_00046.FASTA" 0.568191088035511 0.609947943449553 0.950991310499803
"/rpandin_first_haplo_PITG_00076.FASTA" -0.466588736024563 1.41459870163429 0.329253981381623
"/rpandin_first_haplo_PITG_00081.FASTA" 1.46958419966788 0.500724793955744 4.40930002793508
"/rpandin_first_haplo_PITG_00128.FASTA" 0.702959167453563 1.00570860961904 -1.56306230558266
"/rpandin_first_haplo_PITG_00131.FASTA" 0.4825640544696 0.573348237915323 -0.0338280140040132
"/rpandin_first_haplo_PITG_00133.FASTA" 2.03647612944491 1.98312696328867 -1.29375229053013
"/rpandin_first_haplo_PITG_00136.FASTA" -0.548026240767409 1.50035909582511 0.294180437382257
"/rpandin_first_haplo_PITG_00169.FASTA" 0.675497351147804 0.625526851384203 -0.528739295348051
"/rpandin_first_haplo_PITG_00173.FASTA" -2.37217524102078 2.50085192372382 0.622483993089394
"/rpandin_first_haplo_PITG_00177.FASTA" 0.511605868718198 0.36988214465581 -0.36536168018838
"/rpandin_first_haplo_PITG_00178.FASTA" -0.126326047275804 -4.94080761087455 -1.96840251035379
"/rpandin_first_haplo_PITG_00180.FASTA" 0.500462575628144 0.427879969545023 -0.401835617458394
"/rpandin_first_haplo_PITG_00194.FASTA" 0.585634028585069 0.204093824471039 -0.816579267305623
"/rpandin_first_haplo_PITG_00215.FASTA" 0.661385933819998 0.294863160791099 -0.276941503619483
"/rpandin_first_haplo_PITG_00218.FASTA" 1.70310280632207 0.86810086240974 2.13496372581382
"/rpandin_first_haplo_PITG_00225.FASTA" 0.593411464238719 0.601682867668233 0.839036967414907
"/rpandin_first_haplo_PITG_00258.FASTA" 0.757508883623474 0.565769504541208 0.551780408853903
"/rpandin_first_haplo_PITG_00283.FASTA" 0.827936319437325 0.188881086230813 -2.92555882893926
"/rpandin_first_haplo_PITG_00293.FASTA" 0.455533870042384 0.388356129695972 -0.385037876806328
"/rpandin_first_haplo_PITG_00300.FASTA" 0.542130879057505 0.563708489946092 -0.566300666811202
"/rpandin_first_haplo_PITG_00308.FASTA" -0.236253612906485 -5.07214377253371 -0.195941303703297
"/rpandin_first_haplo_PITG_00309.FASTA" 0.554140292053604 0.27486141976732 0.217157967808117
"/rpandin_first_haplo_PITG_00324.FASTA" -0.543793970893801 1.60387901002863 0.560930092035089
"/rpandin_first_haplo_PITG_00328.FASTA" 0.453927778618632 0.414428235109743 -0.452083724008454
"/rpandin_first_haplo_PITG_00354.FASTA" -0.292182192226941 -2.6045400842325 0.0317403824785198
"/rpandin_first_haplo_PITG_00358.FASTA" -0.522651029280901 -6.87544798793621 -0.960058999083992
"/rpandin_first_haplo_PITG_00361.FASTA" 0.609019311849781 0.427189558270468 -0.0687526383082916
"/rpandin_first_haplo_PITG_00402.FASTA" 0.525786950316502 0.500186646287397 -0.450486183865595
"/rpandin_first_haplo_PITG_00412.FASTA" 0.457821215330907 0.52792956244956 -0.105110440057147
"/rpandin_first_haplo_PITG_00418.FASTA" 0.528806578511354 0.752978512638475 -0.233186430669915
"/rpandin_first_haplo_PITG_00452.FASTA" 0.528687895362141 0.541443222080256 -0.591852443223755
"/rpandin_first_haplo_PITG_00456.FASTA" -0.692304414414287 1.62006579117872 0.486692007221147
"/rpandin_first_haplo_PITG_00460.FASTA" 0.961359093255513 -0.0313968554613432 0.183356576989105
"/rpandin_first_haplo_PITG_00468.FASTA" 0.457285327977563 0.502211152724001 -0.173244478100196
"/rpandin_first_haplo_PITG_00470.FASTA" 0.810544234597674 0.747766917234642 0.723959310061982
"/rpandin_first_haplo_PITG_00503.FASTA" 0.461649426053336 0.569986623038869 0.027830348073959
"/rpandin_first_haplo_PITG_00506.FASTA" -3.53614956697032 2.25651463451116 0.585893026986249
"/rpandin_first_haplo_PITG_00513.FASTA" 0.664796807626262 0.814858331289911 -1.2226068376398
"/rpandin_first_haplo_PITG_00516.FASTA" 0.755585217481389 0.3796884418384 0.0999482039623857
"/rpandin_first_haplo_PITG_00523.FASTA" -0.480174493578326 2.12284068331522 0.280432673112247
"/rpandin_first_haplo_PITG_00554.FASTA" 0.511028882373909 0.386677977728169 -0.453811450901137
"/rpandin_first_haplo_PITG_00559.FASTA" 1.25787802473607 0.101466655718588 4.65942489354387
"/rpandin_first_haplo_PITG_00624.FASTA" 0.776771261830319 0.58069432390102 -0.539429115989019
"/rpandin_first_haplo_PITG_00630.FASTA" 2.26506550310542 2.67194183642674 -1.57606203156046
"/rpandin_first_haplo_PITG_00635.FASTA" 2.90667469106036 0.723013667988692 13.7156706819606
"/rpandin_first_haplo_PITG_00647.FASTA" 0.86730982955839 1.13250890469886 -2.474343776287
"/rpandin_first_haplo_PITG_00652.FASTA" -4.76413792194324 3.31442914861619 0.596709711009273
"/rpandin_first_haplo_PITG_00709.FASTA" 0.77434508831794 0.801148382582404 -0.432744499736682
"/rpandin_first_haplo_PITG_00717.FASTA" 1.66714954301733 1.42079193704002 0.0186301382059335
"/rpandin_first_haplo_PITG_00725.FASTA" 0.0955133326422484 -3.54475749324862 -0.295137308795874
"/rpandin_first_haplo_PITG_00748.FASTA" 0.9537149449273 0.539996742296265 -0.447034337383015
"/rpandin_first_haplo_PITG_00750.FASTA" -0.0412198397096418 -3.44107956177779 -0.812194411211801
"/rpandin_first_haplo_PITG_00765.FASTA" -0.677889635728555 2.01066392547755 4.65178559162779
"/rpandin_first_haplo_PITG_00772.FASTA" 0.478238106342283 0.541723814419881 -0.107250035366766
"/rpandin_first_haplo_PITG_00863.FASTA" 0.635711628360081 0.510899336030627 0.553769851819601
"/rpandin_first_haplo_PITG_00892.FASTA" 0.471597990175787 0.345080178043864 -0.787647879672312
"/rpandin_first_haplo_PITG_00912.FASTA" 0.843366672285663 0.457958092191173 0.519831644437129
"/rpandin_first_haplo_PITG_00941.FASTA" -0.249017639108912 -3.17286244279789 -0.247540041503157
"/rpandin_first_haplo_PITG_00954.FASTA" 0.799067964165049 1.08413366180807 -0.755799899825729
"/rpandin_first_haplo_PITG_00962.FASTA" 0.464231429206331 0.593734710869277 0.0943756376859887
"/rpandin_first_haplo_PITG_01025.FASTA" 0.87115050702838 -0.212255652137754 -1.74965936263034
"/rpandin_first_haplo_PITG_01033.FASTA" -1.1082749189847 2.42463808375441 0.559218758586275
"/rpandin_first_haplo_PITG_01044.FASTA" 0.930366572528447 -0.0372639717822387 -1.70375114453631
"/rpandin_first_haplo_PITG_01047.FASTA" 0.609437425515561 0.580333090295341 -0.533007206998581
"/rpandin_first_haplo_PITG_01055.FASTA" 0.886419942403001 0.581194044544847 -0.413185103462531
"/rpandin_first_haplo_PITG_01065.FASTA" 1.11967612182584 0.248874445830518 -3.26590552231107
"/rpandin_first_haplo_PITG_01088.FASTA" 1.20169068812734 0.330620477100253 0.0432947270080289
"/rpandin_first_haplo_PITG_01103.FASTA" 0.511131593092543 0.552124580080416 -0.446892331104103
"/rpandin_first_haplo_PITG_01133.FASTA" 0.517260888928919 0.563499555243602 0.128341626901722
"/rpandin_first_haplo_PITG_01142.FASTA" 0.457285327977563 0.502211152724001 -0.173244478100196
"/rpandin_first_haplo_PITG_01156.FASTA" 0.80496579149908 0.760953662429002 -0.0198981462379397
"/rpandin_first_haplo_PITG_01210.FASTA" 0.8169268170434 0.422436844186603 -0.668326488853598
"/rpandin_first_haplo_PITG_01259.FASTA" 2.79617350668787 -0.251757337461678 6.27956911729697
"/rpandin_first_haplo_PITG_01279.FASTA" 1.18101114402688 0.238200716493078 4.21543206069999
"/rpandin_first_haplo_PITG_01316.FASTA" 0.489785667646159 0.403723464600846 -0.177775648189639
"/rpandin_first_haplo_PITG_01323.FASTA" 0.763791691908036 0.732869714108723 -0.813499698532258
"/rpandin_first_haplo_PITG_01324.FASTA" 0.987232834270822 0.372841409958097 -2.01293572007477
"/rpandin_first_haplo_PITG_01326.FASTA" 3.24764123600129 1.48297023350841 6.21158690014272
"/rpandin_first_haplo_PITG_01354.FASTA" 0.748124528418745 0.434788780563983 -1.53188943196579
"/rpandin_first_haplo_PITG_01357.FASTA" 0.938829578798448 0.799886046307491 -0.0326380269365947
"/rpandin_first_haplo_PITG_01358.FASTA" 0.981960605147054 0.262729620632214 -1.75672421169172
"/rpandin_first_haplo_PITG_01366.FASTA" -0.629742683808152 1.58730283571141 0.259289710026337
"/rpandin_first_haplo_PITG_01374.FASTA" 0.691654220959212 0.120528320699688 -0.379254613734132
"/rpandin_first_haplo_PITG_01395.FASTA" 0.989631870667625 0.440244175264447 -0.111627489562794
"/rpandin_first_haplo_PITG_01411.FASTA" -2.37364124832136 2.22550632991449 0.44875078679962
"/rpandin_first_haplo_PITG_01414.FASTA" -3.4993679456715 3.57736266484364 0.57978747753897
"/rpandin_first_haplo_PITG_01419.FASTA" 0.461649426053335 0.56998662303887 0.0278303480739598
"/rpandin_first_haplo_PITG_01441.FASTA" -0.295736631603547 -2.67819608726985 0.0261218302874797
"/rpandin_first_haplo_PITG_01509.FASTA" -8.38714545584876 3.29218112755125 0.825942763815906
"/rpandin_first_haplo_PITG_01514.FASTA" -5.10560505226887 2.71843932324215 0.530134491117598
"/rpandin_first_haplo_PITG_01525.FASTA" -0.564906625288075 1.32163405273518 0.0150241779729156
"/rpandin_first_haplo_PITG_01568.FASTA" -0.258869325046538 -3.25776616790466 0.210850344251634
"/rpandin_first_haplo_PITG_01579.FASTA" 0.476266596568095 0.519784010640406 0.00950655932191414
"/rpandin_first_haplo_PITG_01580.FASTA" 0.461347741051666 0.491360182401732 -0.244297792933379
"/rpandin_first_haplo_PITG_01677.FASTA" 0.352178541745681 0.415023256523947 -0.735421472783223
"/rpandin_first_haplo_PITG_01706.FASTA" 0.474101873372708 0.536197992654657 -0.144407744429161
"/rpandin_first_haplo_PITG_01744.FASTA" 0.706163410830044 0.795476218779532 -1.53590200333195
"/rpandin_first_haplo_PITG_01754.FASTA" 2.0557218878371 1.81778717744546 -6.34738173982771
"/rpandin_first_haplo_PITG_01792.FASTA" 0.458563610401386 0.524542349633142 -0.105747690258887
"/rpandin_first_haplo_PITG_01795.FASTA" 0.454818040867794 0.395236236307476 -0.52602218572131
"/rpandin_first_haplo_PITG_01796.FASTA" 0.598442709551876 0.612575596152753 -0.544565565746818
"/rpandin_first_haplo_PITG_01799.FASTA" -0.548026240767407 1.50035909582511 0.294180437382215
"/rpandin_first_haplo_PITG_01814.FASTA" 0.455255137522966 0.458102366757476 -0.310521705447041
"/rpandin_first_haplo_PITG_01836.FASTA" -0.0103893039463004 -3.60771752927111 0.670481140619434
"/rpandin_first_haplo_PITG_01859.FASTA" -5.75037767963266 2.91871176208129 0.998518086172975
"/rpandin_first_haplo_PITG_01905.FASTA" -0.170449688685414 -2.6568878141082 -0.424630034774029
"/rpandin_first_haplo_PITG_01922.FASTA" -0.629742683808152 1.58730283571141 0.259289710026338
"/rpandin_first_haplo_PITG_01932.FASTA" 1.46515800420341 1.19958686945648 -3.56545033675867
"/rpandin_first_haplo_PITG_01946.FASTA" -0.423003508003657 -4.30426017435795 0.0254484988745556
"/rpandin_first_haplo_PITG_01965.FASTA" -3.20502349242211 4.46390909691925 -0.751960305502141
"/rpandin_first_haplo_PITG_01991.FASTA" 0.723144717635101 0.136808724735715 -1.88481695437258
"/rpandin_first_haplo_PITG_02058.FASTA" 0.459266583392245 0.50635871270575 -0.178009129014197
"/rpandin_first_haplo_PITG_02072.FASTA" -1.0975298605332 -4.40253849071038 -0.0609505243891269
"/rpandin_first_haplo_PITG_02073.FASTA" 2.63045520075946 1.8546943008839 -1.64560422076789
"/rpandin_first_haplo_PITG_02078.FASTA" 0.452926723965844 0.489883573407731 -0.260267409627106
"/rpandin_first_haplo_PITG_02085.FASTA" 0.511183514673053 0.557537031989414 -0.041388066211203
"/rpandin_first_haplo_PITG_02086.FASTA" 0.750778258135091 0.726522307603879 0.0414601977642084
"/rpandin_first_haplo_PITG_02102.FASTA" -0.267592773398074 -2.32282136272809 0.0958419989803296
"/rpandin_first_haplo_PITG_02118.FASTA" 0.688594437662603 -3.16094927550641 3.38588002655767
"/rpandin_first_haplo_PITG_02128.FASTA" 4.42416135499737 1.43824123610073 22.421095063648
"/rpandin_first_haplo_PITG_02155.FASTA" 0.585271596225283 0.646067803505182 -0.189243949539231
"/rpandin_first_haplo_PITG_02156.FASTA" -2.32478902199913 2.61153402569286 0.785960423155801
"/rpandin_first_haplo_PITG_02171.FASTA" -0.135793153298598 -5.91139336830397 1.2942941547171
"/rpandin_first_haplo_PITG_02177.FASTA" -2.83629301626928 2.73146210483314 0.597424648074723
"/rpandin_first_haplo_PITG_02205.FASTA" 0.723075374577514 1.02919262725382 -0.39617725136861
"/rpandin_first_haplo_PITG_02212.FASTA" -3.53614956697032 2.25651463451116 0.585893026986252
"/rpandin_first_haplo_PITG_02220.FASTA" 1.76864384982535 0.015204395616198 6.11046625941017
"/rpandin_first_haplo_PITG_02249.FASTA" 0.494038820745421 0.567050899909853 -0.0898127813846164
"/rpandin_first_haplo_PITG_02263.FASTA" 0.568135835164854 0.31059739605983 -0.188878117237433
"/rpandin_first_haplo_PITG_02319.FASTA" 0.760694182288847 0.375430179160058 -0.206555497720178
"/rpandin_first_haplo_PITG_02325.FASTA" 0.48484016382538 0.547083638135656 -0.128903552062204
"/rpandin_first_haplo_PITG_02327.FASTA" 0.456182558097119 0.48007961997686 -0.241442584471322
"/rpandin_first_haplo_PITG_02372.FASTA" 0.481218690786312 0.225291552580942 -1.19984252716631
"/rpandin_first_haplo_PITG_02390.FASTA" -0.355775215800308 -4.53479639394881 -0.762049376149338
"/rpandin_first_haplo_PITG_02440.FASTA" 0.549897336276314 0.7142367690348 -0.551184013115895
"/rpandin_first_haplo_PITG_02495.FASTA" 2.4533829210682 -0.270878004553398 7.93927019760352
"/rpandin_first_haplo_PITG_02496.FASTA" 1.23949455032451 0.454605083151798 -0.908173487276594
"/rpandin_first_haplo_PITG_02526.FASTA" 1.66923135024043 0.379903403963042 2.35068455740423
"/rpandin_first_haplo_PITG_02531.FASTA" 0.674447366596042 0.727982596146232 -0.155801872441753
"/rpandin_first_haplo_PITG_02532.FASTA" -3.40735742974153 3.25970980487753 0.378012291034396
"/rpandin_first_haplo_PITG_02536.FASTA" 0.467407851203156 0.602445652596689 0.0829094398346727
"/rpandin_first_haplo_PITG_02546.FASTA" 1.25938529194372 1.09895302034556 1.17537934466943
"/rpandin_first_haplo_PITG_02560.FASTA" -0.223797111163273 -4.43912749928415 -0.619672083739837
"/rpandin_first_haplo_PITG_02563.FASTA" 0.460017980927195 0.547118801169734 -0.0387789043717794
"/rpandin_first_haplo_PITG_02605.FASTA" -0.341792219834324 -3.17531552934227 -0.0968567275493541
"/rpandin_first_haplo_PITG_02634.FASTA" 0.605480686208442 0.703078461711471 -1.15130939323245
"/rpandin_first_haplo_PITG_02652.FASTA" 0.752754427802328 0.427726191599437 -0.471556989160242
"/rpandin_first_haplo_PITG_02656.FASTA" -4.23859337317206 2.95144941529822 0.471619941565913
"/rpandin_first_haplo_PITG_02672.FASTA" 0.5179121970308 0.568489910978656 -0.095373361557545
"/rpandin_first_haplo_PITG_02698.FASTA" 1.12940169400185 0.929987493713806 -0.489352452200812
"/rpandin_first_haplo_PITG_02733.FASTA" -6.29117260821565 3.6225507228551 0.689035424814068
"/rpandin_first_haplo_PITG_02769.FASTA" -0.27697143817774 -5.52174323123393 -1.16256348246556
"/rpandin_first_haplo_PITG_02774.FASTA" 1.48351052093938 0.474487814434875 -3.40560828343728
"/rpandin_first_haplo_PITG_02780.FASTA" 1.90629341348035 2.14115264710179 -2.14045269469404
"/rpandin_first_haplo_PITG_02810.FASTA" 0.709119667165356 0.404367422827631 0.779586642410252
"/rpandin_first_haplo_PITG_02853.FASTA" 0.632730352272629 0.496135258004959 -0.793953134186071
"/rpandin_first_haplo_PITG_02893.FASTA" 0.461649426053334 0.569986623038866 0.0278303480739616
"/rpandin_first_haplo_PITG_02903.FASTA" -0.236727662598214 -3.41574127109585 -0.667410338733836
"/rpandin_first_haplo_PITG_02905.FASTA" 0.631089295454791 0.752328860359721 -0.535872001326785
"/rpandin_first_haplo_PITG_02952.FASTA" 0.624475568651203 -0.0983263542657223 -1.09987814530618
"/rpandin_first_haplo_PITG_03015.FASTA" 0.645572386141263 -0.565283756138941 -3.95043246189643
"/rpandin_first_haplo_PITG_03099.FASTA" -0.28392013011826 -3.36656088312732 -0.225846607921979
"/rpandin_first_haplo_PITG_03105.FASTA" -3.09930858216124 3.19992182223151 0.40104114517025
"/rpandin_first_haplo_PITG_03130.FASTA" -0.341792219834324 -3.17531552934227 -0.0968567275493549
"/rpandin_first_haplo_PITG_03140.FASTA" 0.537412311686279 0.552914026819512 -0.00800798943725863
"/rpandin_first_haplo_PITG_03170.FASTA" -0.00939443919575835 -3.70109561516821 1.12495292429654
"/rpandin_first_haplo_PITG_03198.FASTA" 1.74278880895035 0.355070631616996 4.90889525777334
"/rpandin_first_haplo_PITG_03266.FASTA" 0.461798886076159 0.529162944392599 -0.112551605660265
"/rpandin_first_haplo_PITG_03269.FASTA" 0.460017980927195 0.547118801169735 -0.0387789043717793
"/rpandin_first_haplo_PITG_03296.FASTA" 1.82960531551128 -0.443142638080941 7.0663597599553
"/rpandin_first_haplo_PITG_03346.FASTA" -0.608483704027087 1.57135216320008 0.26225148067345
"/rpandin_first_haplo_PITG_03355.FASTA" 0.657404127468862 0.164866575201239 -0.655068518632922
"/rpandin_first_haplo_PITG_03408.FASTA" 0.843364408448195 0.820723491587493 1.48847201996305
"/rpandin_first_haplo_PITG_03423.FASTA" 1.08657751765934 0.935600686405819 -3.04994564286394
"/rpandin_first_haplo_PITG_03432.FASTA" 2.36296337457132 1.53249174343277 4.91888774342652
"/rpandin_first_haplo_PITG_03433.FASTA" 3.20606568822017 0.503680940797831 15.8344958018374
"/rpandin_first_haplo_PITG_03444.FASTA" 1.07704141127772 0.336283955582074 -1.38322825122448
"/rpandin_first_haplo_PITG_03446.FASTA" 0.458563610401387 0.524542349633145 -0.105747690258886
"/rpandin_first_haplo_PITG_03454.FASTA" 0.45618255809712 0.480079619976859 -0.241442584471321
"/rpandin_first_haplo_PITG_03456.FASTA" 1.12565992057975 -0.000613650186546534 -0.240626232920209
"/rpandin_first_haplo_PITG_03488.FASTA" 2.78194210044398 2.58890302049711 -3.07590654016098
"/rpandin_first_haplo_PITG_03492.FASTA" 2.00971260214566 1.46428432320916 -3.36766837794
"/rpandin_first_haplo_PITG_03495.FASTA" 1.38997990420171 0.822358953290233 0.471449290877635
"/rpandin_first_haplo_PITG_03511.FASTA" 0.52507219656936 0.377815529820295 -0.571710172888023
"/rpandin_first_haplo_PITG_03525.FASTA" 0.486251240900722 0.553944009238484 -0.149391967195708
"/rpandin_first_haplo_PITG_03553.FASTA" -0.548026240767408 1.50035909582512 0.294180437382215
"/rpandin_first_haplo_PITG_03604.FASTA" 1.28953788287292 1.35553470387662 -2.01395629394335
"/rpandin_first_haplo_PITG_03607.FASTA" 0.900215181784161 0.491150184618042 -2.00862343269769
"/rpandin_first_haplo_PITG_03609.FASTA" 0.993777737636304 0.618655839369021 -1.4070951477694
"/rpandin_first_haplo_PITG_03612.FASTA" 0.522073072298423 0.547243366937172 -0.228955422999849
"/rpandin_first_haplo_PITG_03629.FASTA" 0.58558701508044 0.728634901712214 -0.389120765544229
"/rpandin_first_haplo_PITG_03696.FASTA" 0.890626700841693 0.817713832319372 -2.59878975616106
"/rpandin_first_haplo_PITG_03725.FASTA" 0.463050078656855 0.571993407952465 0.0250474871862999
"/rpandin_first_haplo_PITG_03730.FASTA" 0.568012288831844 0.362830502927954 0.241910173692518
"/rpandin_first_haplo_PITG_03742.FASTA" -0.548026240767409 1.50035909582511 0.294180437382215
"/rpandin_first_haplo_PITG_03758.FASTA" -7.13427839684271 -0.807388926755797 -0.892251007636963
"/rpandin_first_haplo_PITG_03761.FASTA" 0.489817449143832 0.445105204016695 -0.447284580126401
"/rpandin_first_haplo_PITG_03778.FASTA" 0.560305740887548 0.304871474056802 -0.586922265799018
"/rpandin_first_haplo_PITG_03779.FASTA" -0.206598409713707 0.0800404309674029 -3.45153848998557
"/rpandin_first_haplo_PITG_03821.FASTA" 1.00001423229216 0.281379240376077 4.04859512170351
"/rpandin_first_haplo_PITG_03831.FASTA" 0.499645486489351 0.396024799131816 -0.25705953366419
"/rpandin_first_haplo_PITG_03835.FASTA" 0.535854474184 0.298295320716091 -0.369781054810043
"/rpandin_first_haplo_PITG_03842.FASTA" 1.06066552509299 0.729180319744174 -0.930427671426403
"/rpandin_first_haplo_PITG_03860.FASTA" 1.21897392271307 0.14985549735462 -1.16665094385771
"/rpandin_first_haplo_PITG_03870.FASTA" 3.04420290918454 3.48379874486608 -3.09075467354576
"/rpandin_first_haplo_PITG_03908.FASTA" 1.53235417846919 0.607357446442155 -0.3706924421368
"/rpandin_first_haplo_PITG_03915.FASTA" 0.861720199023501 0.233989505117205 0.380094260502495
"/rpandin_first_haplo_PITG_03937.FASTA" -0.761806463530763 2.82576935291953 0.0287087005846117
"/rpandin_first_haplo_PITG_03941.FASTA" 1.64185606786809 0.583012952785735 6.95527392660833
"/rpandin_first_haplo_PITG_03942.FASTA" 2.14240533058705 2.26787679457207 -1.53330146072507
"/rpandin_first_haplo_PITG_03975.FASTA" 1.65430196876785 0.550782202336232 6.06284337785129
"/rpandin_first_haplo_PITG_04003.FASTA" 1.09310706124349 0.0867785054665195 -3.00560414447606
"/rpandin_first_haplo_PITG_04047.FASTA" -0.315228287914703 -3.14127822407714 -0.104919820950038
"/rpandin_first_haplo_PITG_04067.FASTA" 0.593204788308732 0.587362221422084 0.967715636653821
"/rpandin_first_haplo_PITG_04156.FASTA" 0.99963520838046 0.318696493254929 -1.09627755204949
"/rpandin_first_haplo_PITG_04169.FASTA" -0.341792219834323 -3.17531552934226 -0.0968567275493535
"/rpandin_first_haplo_PITG_04274.FASTA" -0.0637451863138046 -5.09203836877523 0.940817814793141
"/rpandin_first_haplo_PITG_04292.FASTA" -0.420480838854844 -4.43416541050397 -0.103982567671725
"/rpandin_first_haplo_PITG_04305.FASTA" 0.684665821122906 0.176506259837746 -0.926137894531194
"/rpandin_first_haplo_PITG_04344.FASTA" 0.1250634607697 -4.46262718808207 3.64679602170795
"/rpandin_first_haplo_PITG_04378.FASTA" 0.492413125102064 0.634843630218298 -0.111959460652123
"/rpandin_first_haplo_PITG_04379.FASTA" 0.465751472303148 0.516382171836849 -0.108767373237802
"/rpandin_first_haplo_PITG_04450.FASTA" 0.817460986709792 1.03141248607 -1.70317198135209
"/rpandin_first_haplo_PITG_04472.FASTA" -0.488797370033794 -7.11361701253483 1.66582259429215
"/rpandin_first_haplo_PITG_04491.FASTA" -4.92503385304593 3.63732921291028 0.332922879379307
"/rpandin_first_haplo_PITG_04505.FASTA" -2.2074039641263 2.06420021164029 0.462041474718991
"/rpandin_first_haplo_PITG_04506.FASTA" 0.463420763858541 0.557873704755767 0.0214141891151362
"/rpandin_first_haplo_PITG_04530.FASTA" -0.267592773398074 -2.32282136272808 0.0958419989803336
"/rpandin_first_haplo_PITG_04561.FASTA" -2.03952069869302 1.90630809393866 0.474995572486216
"/rpandin_first_haplo_PITG_04562.FASTA" 0.883026732147387 0.290762723210321 0.086426053876761
"/rpandin_first_haplo_PITG_04590.FASTA" -0.34236941718341 -3.77875437109441 -0.2770303937722
"/rpandin_first_haplo_PITG_04596.FASTA" -0.218036576970579 -6.49110649316373 -0.130032575145311
"/rpandin_first_haplo_PITG_04598.FASTA" 1.49363404496753 0.502387570562454 -4.19664272408924
"/rpandin_first_haplo_PITG_04619.FASTA" 1.79995462313222 2.2435120950747 0.225726674439539
"/rpandin_first_haplo_PITG_04620.FASTA" 1.18100486932491 0.477301233638382 -0.0739467434808749
"/rpandin_first_haplo_PITG_04657.FASTA" 0.562973231399419 0.591686984722388 -0.753241003638139
"/rpandin_first_haplo_PITG_04670.FASTA" 1.33782334312453 0.938650735711827 1.96993612212188
"/rpandin_first_haplo_PITG_04700.FASTA" 2.31003896863539 0.8379701697259 3.47794885597187
"/rpandin_first_haplo_PITG_04709.FASTA" 3.20026874271653 1.13009736700777 10.2573367954897
"/rpandin_first_haplo_PITG_04710.FASTA" -0.272998196759629 -4.00534724682848 -0.691312907977379
"/rpandin_first_haplo_PITG_04725.FASTA" 1.21253750439356 0.355447246638693 -2.52326235918721
"/rpandin_first_haplo_PITG_04749.FASTA" -0.335749716367999 -3.16579848520759 -0.123245262488918
"/rpandin_first_haplo_PITG_04762.FASTA" 0.455406772121282 0.494554246451817 -0.264266538146603
"/rpandin_first_haplo_PITG_04820.FASTA" 0.450884594729637 0.412139987616641 -0.249537472032005
"/rpandin_first_haplo_PITG_04832.FASTA" 0.486709578347838 0.504465751929064 -0.23577755588063
"/rpandin_first_haplo_PITG_04856.FASTA" 1.76470623064643 1.51480271461408 0.633113617549855
"/rpandin_first_haplo_PITG_04861.FASTA" 0.859051030782688 0.272248388199916 -0.331358837819084
"/rpandin_first_haplo_PITG_04867.FASTA" 2.02021943340234 3.17287308053883 -4.43721167603832
"/rpandin_first_haplo_PITG_04919.FASTA" 0.46345934426628 0.593192775744057 0.0942451297393659
"/rpandin_first_haplo_PITG_04934.FASTA" 0.836432605109624 0.493778087707033 -0.198373006410337
"/rpandin_first_haplo_PITG_04959.FASTA" -3.14711887727645 3.15875278449918 0.367327187518558
"/rpandin_first_haplo_PITG_04975.FASTA" 0.542440844155974 0.370190293736969 -0.711526393131085
"/rpandin_first_haplo_PITG_04980.FASTA" 2.44148701775159 2.29044658947155 -4.41469756849031
"/rpandin_first_haplo_PITG_05004.FASTA" 0.545525779207015 0.582098896052488 -0.303600690523652
"/rpandin_first_haplo_PITG_05116.FASTA" 0.480131582603527 0.550456131814834 -0.121632317810042
"/rpandin_first_haplo_PITG_05150.FASTA" 0.606007189267832 0.710646557601763 -0.573623560434431
"/rpandin_first_haplo_PITG_05168.FASTA" 0.532788339201733 0.576255394735353 0.103858758269015
"/rpandin_first_haplo_PITG_05169.FASTA" 0.832249653104881 1.11221566561735 -0.392894054715082
"/rpandin_first_haplo_PITG_05175.FASTA" 0.84976848986675 1.29560238158151 -0.96854088561457
"/rpandin_first_haplo_PITG_05182.FASTA" 0.774762099997929 0.721395980968862 -0.478820957861013
"/rpandin_first_haplo_PITG_05239.FASTA" -0.532368452681626 1.47580473491174 0.242949784037837
"/rpandin_first_haplo_PITG_05303.FASTA" 0.513140494680676 0.606419394861657 0.034462437557807
"/rpandin_first_haplo_PITG_05358.FASTA" 1.11470051068472 0.825420173588562 -2.69002459264945
"/rpandin_first_haplo_PITG_05371.FASTA" 0.570791957629653 0.681867212287959 -0.382398360033099
"/rpandin_first_haplo_PITG_05385.FASTA" 0.501246958221152 0.552129415063658 -0.606287116548893
"/rpandin_first_haplo_PITG_05414.FASTA" 0.617132229210688 0.657613222460837 -0.479044361596592
"/rpandin_first_haplo_PITG_05415.FASTA" 0.485324848415518 0.578758731335183 -0.0861475865584149
"/rpandin_first_haplo_PITG_05423.FASTA" 3.23996684747944 2.08914057231864 9.01062362127679
"/rpandin_first_haplo_PITG_05444.FASTA" 1.51994648727248 1.52551240538097 -3.31941068929727
"/rpandin_first_haplo_PITG_05453.FASTA" 0.470901203865187 0.469951071569575 -0.121071684201017
"/rpandin_first_haplo_PITG_05454.FASTA" -0.567959898695952 -5.99237195716812 -0.7205104158935
"/rpandin_first_haplo_PITG_05468.FASTA" -0.383651225372753 -4.66053472647977 -0.638354451218308
"/rpandin_first_haplo_PITG_05469.FASTA" 0.465449549504551 0.616785389037175 0.160628476874373
"/rpandin_first_haplo_PITG_05484.FASTA" 0.907515616132269 0.276536346123112 3.65688734556444
"/rpandin_first_haplo_PITG_05499.FASTA" 0.588661854859766 0.491763236271206 -0.38177053835886
"/rpandin_first_haplo_PITG_05502.FASTA" 0.710220584711176 0.48145669847711 0.120049735595476
"/rpandin_first_haplo_PITG_05525.FASTA" 1.62973887729341 0.568665489789659 -2.4448281499124
"/rpandin_first_haplo_PITG_05560.FASTA" 0.688867827962385 -0.163819172798748 0.571540591277353
"/rpandin_first_haplo_PITG_05571.FASTA" 0.458914798589975 0.526723181529655 -0.0559203628639961
"/rpandin_first_haplo_PITG_05618.FASTA" 0.460017980927196 0.547118801169739 -0.0387789043717787
"/rpandin_first_haplo_PITG_05623.FASTA" 0.690265171996251 0.490734601715061 0.187416221839952
"/rpandin_first_haplo_PITG_05656.FASTA" 2.16664862752634 2.74016791934311 -4.60133241073025
"/rpandin_first_haplo_PITG_05661.FASTA" -0.205668011013848 -2.82309294729373 -0.0897528206098205
"/rpandin_first_haplo_PITG_05681.FASTA" -0.484692222087382 -5.76088534848653 -1.09567831466457
"/rpandin_first_haplo_PITG_05714.FASTA" 0.465805392065622 0.457018830174302 -0.202154733636204
"/rpandin_first_haplo_PITG_05791.FASTA" -0.038970647254619 -3.12155910780017 -0.426758205132252
"/rpandin_first_haplo_PITG_05816.FASTA" -2.63661054358353 2.61208546930595 0.566277909744229
"/rpandin_first_haplo_PITG_05817.FASTA" 0.486833096831112 0.593613035281734 -0.00570742992921444
"/rpandin_first_haplo_PITG_05838.FASTA" 0.810029905660734 0.502680365035881 -1.56829863918593
"/rpandin_first_haplo_PITG_05874.FASTA" 0.826504950794401 -0.111525507859748 -4.98055741578596
"/rpandin_first_haplo_PITG_05922.FASTA" -4.99379833967673 0.217719505363961 -8.49114217030997
"/rpandin_first_haplo_PITG_05956.FASTA" -0.319626091784869 -3.41323281099311 0.0323291432421577
"/rpandin_first_haplo_PITG_05990.FASTA" 0.464988684295985 0.533556943472231 -0.117299564075285
"/rpandin_first_haplo_PITG_06000.FASTA" -0.29218219222694 -2.60454008423249 0.031740382478522
"/rpandin_first_haplo_PITG_06003.FASTA" 0.653524000727747 0.449622556657003 -1.51472376402438
"/rpandin_first_haplo_PITG_06050.FASTA" -0.069722695456672 -6.17779613828752 0.096903203578239
"/rpandin_first_haplo_PITG_06051.FASTA" -0.308959359587454 -4.30534793631476 -0.954780956764244
"/rpandin_first_haplo_PITG_06056.FASTA" -0.272812645143361 -3.39059235456802 -0.302392960936907
"/rpandin_first_haplo_PITG_06068.FASTA" -0.168428964364531 -4.62742967879964 0.228963726247174
"/rpandin_first_haplo_PITG_06090.FASTA" 0.488022758600713 0.236265511916052 -1.08744726904198
"/rpandin_first_haplo_PITG_06133.FASTA" 0.460343833999137 0.554180890063836 -0.103483515501382
"/rpandin_first_haplo_PITG_06141.FASTA" 1.00844636277754 0.420341276843093 1.10510835139933
"/rpandin_first_haplo_PITG_06150.FASTA" -5.03488689401845 3.6837606533251 2.32491659131264
"/rpandin_first_haplo_PITG_06170.FASTA" 0.520928802601396 0.621202393662599 -0.0549356157094324
"/rpandin_first_haplo_PITG_06194.FASTA" 1.26358283557211 0.207549803966543 -0.482955437024155
"/rpandin_first_haplo_PITG_06230.FASTA" -0.63595234681651 1.70868858175649 0.395981104659607
"/rpandin_first_haplo_PITG_06239.FASTA" 0.75862821005879 0.578365343683007 -1.60939464899032
"/rpandin_first_haplo_PITG_06248.FASTA" -0.346358540574171 -16.6310520568365 -4.78461098034598
"/rpandin_first_haplo_PITG_06265.FASTA" 0.724493964553401 0.948456450207856 -1.38244669092504
"/rpandin_first_haplo_PITG_06268.FASTA" 2.0796801294256 0.110491948122668 -2.66614620422532
"/rpandin_first_haplo_PITG_06275.FASTA" 0.616970247399378 0.827949306567593 -0.644731117063093
"/rpandin_first_haplo_PITG_06281.FASTA" 0.589538487692246 0.74943743312386 -0.518571760502098
"/rpandin_first_haplo_PITG_06288.FASTA" 2.95224658152112 1.07837915963984 8.92299492302733
"/rpandin_first_haplo_PITG_06378.FASTA" 1.40874604602433 1.80379332399958 -4.34011350312383
"/rpandin_first_haplo_PITG_06391.FASTA" 0.661604796423399 0.496329119185907 -0.910333600267291
"/rpandin_first_haplo_PITG_06410.FASTA" 1.19910658110963 1.05089242005141 2.09166856033014
"/rpandin_first_haplo_PITG_06429.FASTA" 2.06902860102222 1.63332304569197 -1.700364238494
"/rpandin_first_haplo_PITG_06439.FASTA" 0.463459344266279 0.593192775744056 0.0942451297393662
"/rpandin_first_haplo_PITG_06513.FASTA" -0.349540734005612 -3.13888950896361 -0.283939242969635
"/rpandin_first_haplo_PITG_06558.FASTA" -4.01405921603697 2.6685751269987 0.583981611703512
"/rpandin_first_haplo_PITG_06579.FASTA" 0.598617494979025 0.54391050886582 -0.566061283150373
"/rpandin_first_haplo_PITG_06651.FASTA" 0.53454827828847 0.490853359433429 -0.168304904403708
"/rpandin_first_haplo_PITG_06652.FASTA" -5.5097315015926 3.96556216763156 0.597503049472024
"/rpandin_first_haplo_PITG_06668.FASTA" 1.19552594556653 0.849329718079902 0.636314166262062
"/rpandin_first_haplo_PITG_06674.FASTA" 0.740153494314197 0.723935250950306 0.0168177465890061
"/rpandin_first_haplo_PITG_06689.FASTA" -2.37628510042963 2.22377686683608 0.449443272279201
"/rpandin_first_haplo_PITG_06695.FASTA" -1.21090239945797 2.51145207991172 1.27093933682107
"/rpandin_first_haplo_PITG_06697.FASTA" -5.96461631915504 4.57372206457356 0.532510494920685
"/rpandin_first_haplo_PITG_06700.FASTA" 0.444861357230662 0.528038049762877 -0.176539306820668
"/rpandin_first_haplo_PITG_06733.FASTA" 0.563193924559969 0.637544753695549 -0.704920652858108
"/rpandin_first_haplo_PITG_06741.FASTA" 1.51034063540301 1.17715078428682 0.708292299592361
"/rpandin_first_haplo_PITG_06765.FASTA" 0.46544954950455 0.616785389037176 0.16062847687437
"/rpandin_first_haplo_PITG_06792.FASTA" 1.58757204539067 1.68736562376763 -4.814230576943
"/rpandin_first_haplo_PITG_06801.FASTA" 0.498870647580418 0.548854375497988 -0.24717673559791
"/rpandin_first_haplo_PITG_06804.FASTA" 1.91789160698659 1.55233529123777 -3.53682639207307
"/rpandin_first_haplo_PITG_06849.FASTA" 0.523527454027794 0.566512600462933 -0.295802115939954
"/rpandin_first_haplo_PITG_06865.FASTA" 0.0651021327830886 -4.26693105460802 3.64172872692805
"/rpandin_first_haplo_PITG_06905.FASTA" 1.23866316594483 0.789633676581286 -0.021090632695028
"/rpandin_first_haplo_PITG_06913.FASTA" 2.84926201275037 2.27835951722973 2.38095964742285
"/rpandin_first_haplo_PITG_06916.FASTA" 1.96184312571374 1.02450832643297 0.436251212101634
"/rpandin_first_haplo_PITG_06924.FASTA" 1.43646724680293 0.203507390344928 2.96087102008355
"/rpandin_first_haplo_PITG_06933.FASTA" 1.59610528791171 0.0908337396943321 6.21502247028649
"/rpandin_first_haplo_PITG_06966.FASTA" 0.524752177385596 0.732012774146301 -0.368146625813763
"/rpandin_first_haplo_PITG_07074.FASTA" 1.17618465210562 -0.443063923541593 -1.13649363145518
"/rpandin_first_haplo_PITG_07096.FASTA" 0.688818051320386 0.829473530688106 -0.551354106411688
"/rpandin_first_haplo_PITG_07107.FASTA" 0.540456457466867 0.720955151956419 -0.46990551637021
"/rpandin_first_haplo_PITG_07115.FASTA" 0.956110509723154 0.229774362677501 -2.4130320868726
"/rpandin_first_haplo_PITG_07143.FASTA" 0.562790132844766 -0.0436476482997102 -0.349817359475933
"/rpandin_first_haplo_PITG_07232.FASTA" 1.10511286363816 1.32474015496929 -2.23614069356177
"/rpandin_first_haplo_PITG_07258.FASTA" 0.593684087115811 0.784980285261376 -0.505245303028296
"/rpandin_first_haplo_PITG_07270.FASTA" -0.499740307005428 0.829973868133308 -1.37986401218772
"/rpandin_first_haplo_PITG_07276.FASTA" 0.701683895287356 1.28445772271205 -1.0471060860643
"/rpandin_first_haplo_PITG_07285.FASTA" 0.507983925786567 0.441057100564269 -1.22620194332595
"/rpandin_first_haplo_PITG_07289.FASTA" 1.10805092020841 1.26022990645638 -1.80320738705261
"/rpandin_first_haplo_PITG_07308.FASTA" 0.723518551174474 0.313191883902608 0.760659559780728
"/rpandin_first_haplo_PITG_07309.FASTA" 1.44995986899661 1.85319143402992 -1.35279987279905
"/rpandin_first_haplo_PITG_07315.FASTA" -5.52479164230604 3.9760223326117 0.606033523317098
"/rpandin_first_haplo_PITG_07325.FASTA" 0.626920698687112 0.222073403666872 0.349891045268514
"/rpandin_first_haplo_PITG_07331.FASTA" 1.0515870484444 0.782963505658484 -1.60834481113332
"/rpandin_first_haplo_PITG_07344.FASTA" 0.622700847680372 0.742821003815274 -0.737752590599137
"/rpandin_first_haplo_PITG_07348.FASTA" 0.58123216122737 0.437049460413238 -0.651227033413057
"/rpandin_first_haplo_PITG_07433.FASTA" 1.47897609013873 0.526354423289155 5.76419970822285
"/rpandin_first_haplo_PITG_07445.FASTA" 0.570410651007595 0.512505760835518 -0.67477668790839
"/rpandin_first_haplo_PITG_07456.FASTA" 0.542140490506164 0.589666909637985 -0.0872391683434384
"/rpandin_first_haplo_PITG_07521.FASTA" 0.195165881366204 -5.38533633415041 1.14714001247384
"/rpandin_first_haplo_PITG_07561.FASTA" 0.457285327977563 0.502211152724002 -0.173244478100194
"/rpandin_first_haplo_PITG_07575.FASTA" 0.509291582839059 0.550891925726988 -0.0525232386093956
"/rpandin_first_haplo_PITG_07582.FASTA" -0.252124538558051 -4.51842231481143 -0.16998257815902
"/rpandin_first_haplo_PITG_07594.FASTA" 0.535686895139787 0.647230826121215 -0.0115468438813054
"/rpandin_first_haplo_PITG_07655.FASTA" 2.95895538464731 0.602293393281371 17.2377708509872
"/rpandin_first_haplo_PITG_07686.FASTA" 0.487047831924014 0.557507192273788 -0.17307793501222
"/rpandin_first_haplo_PITG_07702.FASTA" 0.537805101966646 0.402537445437294 -0.762486561258157
"/rpandin_first_haplo_PITG_07793.FASTA" -0.548026240767409 1.50035909582511 0.294180437382218
"/rpandin_first_haplo_PITG_07809.FASTA" 0.741298401851848 0.676286285235295 -0.644746811607891
"/rpandin_first_haplo_PITG_07836.FASTA" -2.92853822594691 2.97129409804758 0.406988653425959
"/rpandin_first_haplo_PITG_07837.FASTA" -0.683018552362074 1.89158587885907 0.178188144134415
"/rpandin_first_haplo_PITG_07881.FASTA" 0.453748843157011 0.304656178136426 -0.836024072669506
"/rpandin_first_haplo_PITG_07882.FASTA" 0.546527695891821 0.237984561982622 -0.893435256916998
"/rpandin_first_haplo_PITG_07895.FASTA" 0.826081230835966 0.559625040542251 0.162996038964053
"/rpandin_first_haplo_PITG_07897.FASTA" 0.62076999691098 0.420035439096758 -1.82377182659857
"/rpandin_first_haplo_PITG_07943.FASTA" 1.50081371486826 0.298868871172182 1.87479883752152
"/rpandin_first_haplo_PITG_07958.FASTA" 0.547661138769647 0.451088253181446 -0.326340858872103
"/rpandin_first_haplo_PITG_08008.FASTA" 0.625321088303674 0.152534980531871 -1.07015309395987
"/rpandin_first_haplo_PITG_08024.FASTA" -1.13820097634337 2.03904299307432 -0.302559530871195
"/rpandin_first_haplo_PITG_08034.FASTA" 0.521893140025437 0.578016615661585 -0.171158858512698
"/rpandin_first_haplo_PITG_08049.FASTA" 2.08454458630233 -0.539895397449098 -2.49027562477984
"/rpandin_first_haplo_PITG_08083.FASTA" -0.49326659189676 -5.03023045658548 -0.509012171601102
"/rpandin_first_haplo_PITG_08128.FASTA" 0.892859982721036 0.891622334192966 -1.84022504672542
"/rpandin_first_haplo_PITG_08130.FASTA" -0.548026240767408 1.50035909582511 0.294180437382218
"/rpandin_first_haplo_PITG_08132.FASTA" 0.463459344266281 0.593192775744053 0.0942451297393693
"/rpandin_first_haplo_PITG_08139.FASTA" 1.57634672365886 2.74662177113263 -5.84412017165504
"/rpandin_first_haplo_PITG_08145.FASTA" 2.51055401555625 3.33788240165419 -4.89993573600206
"/rpandin_first_haplo_PITG_08170.FASTA" -3.53614956697032 2.25651463451116 0.585893026986254
"/rpandin_first_haplo_PITG_08174.FASTA" 0.778884207534977 1.16310016513869 -0.653438156408062
"/rpandin_first_haplo_PITG_08205.FASTA" 0.544563432493986 0.548364924244385 -0.659684253276875
"/rpandin_first_haplo_PITG_08233.FASTA" 0.690584421990855 0.422543428312229 0.12703631777753
"/rpandin_first_haplo_PITG_08235.FASTA" -3.01539596864291 3.0175828945002 -0.0701569919801417
"/rpandin_first_haplo_PITG_08327.FASTA" -3.53614956697032 2.25651463451116 0.585893026986253
"/rpandin_first_haplo_PITG_08331.FASTA" -4.76428373736317 3.73705872883062 1.3888303702285
"/rpandin_first_haplo_PITG_08358.FASTA" 0.958551960892216 0.483310785229964 -0.0929934310399973
"/rpandin_first_haplo_PITG_08408.FASTA" -0.466588736024553 1.41459870163428 0.329253981381639
"/rpandin_first_haplo_PITG_08411.FASTA" -0.466588736024553 1.41459870163428 0.329253981381639
"/rpandin_first_haplo_PITG_08417.FASTA" 0.715147241014391 0.535273769479659 0.424465697299288
"/rpandin_first_haplo_PITG_08420.FASTA" 0.457285327977563 0.502211152724 -0.173244478100191
"/rpandin_first_haplo_PITG_08424.FASTA" 0.636612057623257 0.650497838153335 -0.171741015306758
"/rpandin_first_haplo_PITG_08444.FASTA" 0.615001371599614 0.244190294507303 -0.841906030082335
"/rpandin_first_haplo_PITG_08447.FASTA" 0.546082717201502 0.451378397870787 -0.759047363030108
"/rpandin_first_haplo_PITG_08481.FASTA" 0.908875284892579 0.802984847318843 0.518504927224908
"/rpandin_first_haplo_PITG_08526.FASTA" 0.457285327977562 0.502211152724 -0.173244478100192
"/rpandin_first_haplo_PITG_08563.FASTA" -0.384181097849127 -4.31559722041708 -0.0232581140599276
"/rpandin_first_haplo_PITG_08592.FASTA" -4.50433774885096 3.08170204691845 0.590453464661609
"/rpandin_first_haplo_PITG_08595.FASTA" 0.162326910088199 -3.6680233842325 3.35853003865231
"/rpandin_first_haplo_PITG_08600.FASTA" 1.39726362816571 0.269061036218758 4.60773137495138
"/rpandin_first_haplo_PITG_08601.FASTA" 0.516957311359589 0.561470973437306 -0.363965541875735
"/rpandin_first_haplo_PITG_08605.FASTA" 0.516894356069593 0.604550751454685 -0.179380222102574
"/rpandin_first_haplo_PITG_08621.FASTA" 1.19489720151177 1.38813352669271 -2.0393157318675
"/rpandin_first_haplo_PITG_08635.FASTA" -2.71784745348497 2.54937367534361 0.425197585488495
"/rpandin_first_haplo_PITG_08636.FASTA" -0.265953253074458 -6.24279116066932 -1.84787845594067
"/rpandin_first_haplo_PITG_08675.FASTA" -3.53614956697032 2.25651463451116 0.585893026986253
"/rpandin_first_haplo_PITG_08690.FASTA" 0.47666397276557 0.281823064275424 0.0669132904065808
"/rpandin_first_haplo_PITG_08702.FASTA" -4.63761203450365 3.20109307688104 0.936715766594704
"/rpandin_first_haplo_PITG_08717.FASTA" -0.341792219834322 -3.17531552934226 -0.0968567275493541
"/rpandin_first_haplo_PITG_08721.FASTA" -0.341792219834323 -3.17531552934226 -0.0968567275493532
"/rpandin_first_haplo_PITG_08722.FASTA" -0.794736402395385 2.01015638323069 1.14557090813257
"/rpandin_first_haplo_PITG_08730.FASTA" -4.21253846337873 2.88904950558579 0.51018887311716
"/rpandin_first_haplo_PITG_08731.FASTA" 0.57024470983911 0.754946348605558 -0.486244560756281
"/rpandin_first_haplo_PITG_08766.FASTA" 0.531983439002706 0.365028762542982 -0.22403978976787
"/rpandin_first_haplo_PITG_08773.FASTA" 0.49397422521847 0.442317426371959 -0.426255747875802
"/rpandin_first_haplo_PITG_08801.FASTA" 1.30079464457774 0.485428612542953 3.77615199383764
"/rpandin_first_haplo_PITG_08803.FASTA" -1.11964845166441 1.21506567006079 2.93432083276054
"/rpandin_first_haplo_PITG_08804.FASTA" 1.55255648650972 1.31861841899814 0.128104730776582
"/rpandin_first_haplo_PITG_08805.FASTA" 0.725656815893315 0.783395103712993 -1.64256170748757
"/rpandin_first_haplo_PITG_08846.FASTA" -1.40952072027368 1.25223490611085 0.126532542069763
"/rpandin_first_haplo_PITG_08860.FASTA" 0.705163281679044 0.71095825585974 0.358506556159759
"/rpandin_first_haplo_PITG_08875.FASTA" 0.474758196047882 0.579549688905213 -0.271310170565743
"/rpandin_first_haplo_PITG_08884.FASTA" -0.097352633363945 -4.38339867707586 1.38587594196872
"/rpandin_first_haplo_PITG_08893.FASTA" -0.61602763700598 -7.01587407465766 -0.849975350650553
"/rpandin_first_haplo_PITG_08933.FASTA" 0.667351586899709 0.773898887609053 -0.929379732744496
"/rpandin_first_haplo_PITG_08964.FASTA" 0.805783384290837 0.147520790545828 -0.202200191246022
"/rpandin_first_haplo_PITG_08978.FASTA" 1.18243749091451 0.42312974419639 -0.453856101136835
"/rpandin_first_haplo_PITG_09006.FASTA" 1.49221496549378 1.63993096785929 -1.72102728953831
"/rpandin_first_haplo_PITG_09211.FASTA" 3.19661542548648 5.21603368346072 -6.33026525597442
"/rpandin_first_haplo_PITG_09228.FASTA" 0.455910300871587 0.556347393466174 -0.0397793164558527
"/rpandin_first_haplo_PITG_09229.FASTA" 1.26732699244812 0.339680692133844 -2.25605638979264
"/rpandin_first_haplo_PITG_09234.FASTA" 3.45166286210018 1.9374851378789 14.8079609591019
"/rpandin_first_haplo_PITG_09280.FASTA" 0.579054717458112 0.728697607252014 -0.673004989509221
"/rpandin_first_haplo_PITG_09288.FASTA" 2.91099705214396 1.77870956117454 2.34307601569592
"/rpandin_first_haplo_PITG_09296.FASTA" 1.72111000308797 2.08099471413605 -3.48672434174216
"/rpandin_first_haplo_PITG_09381.FASTA" 0.0746835317065007 -2.97778145992024 3.27789144925919
"/rpandin_first_haplo_PITG_09394.FASTA" 0.574867274451926 0.570135954507628 -0.801319793003399
"/rpandin_first_haplo_PITG_09400.FASTA" 0.543901598049769 0.542782716680804 0.205687571244112
"/rpandin_first_haplo_PITG_09411.FASTA" 0.620168989455781 0.119578925165208 1.17044010538026
"/rpandin_first_haplo_PITG_09424.FASTA" -3.87954479770139 2.71612711639923 1.69813784432754
"/rpandin_first_haplo_PITG_09439.FASTA" -3.77540472735484 2.45932435355211 0.586309889640912
"/rpandin_first_haplo_PITG_09444.FASTA" -2.18301617165433 2.06014510514874 0.680601377035391
"/rpandin_first_haplo_PITG_09447.FASTA" 0.744655373021699 0.72835503364074 -1.47611929238238
"/rpandin_first_haplo_PITG_09450.FASTA" 0.670482400760379 0.77550605398324 -0.771844093839908
"/rpandin_first_haplo_PITG_09454.FASTA" -0.319650737118358 -3.16292983491805 -0.0751195012398176
"/rpandin_first_haplo_PITG_09540.FASTA" -0.417733641161305 -4.05925401900905 -0.293144088591539
"/rpandin_first_haplo_PITG_09545.FASTA" -0.466588736024551 1.41459870163428 0.329253981381638
"/rpandin_first_haplo_PITG_09584.FASTA" 0.465449549504551 0.616785389037188 0.160628476874374
"/rpandin_first_haplo_PITG_09601.FASTA" -0.360536923549102 2.08248124663682 1.8566244610093
"/rpandin_first_haplo_PITG_09647.FASTA" 1.713035942665 2.3118089977857 -0.961189240882432
"/rpandin_first_haplo_PITG_09712.FASTA" -0.322620166004357 -3.00872514374775 -0.0423136233043894
"/rpandin_first_haplo_PITG_09862.FASTA" 1.5906032385248 0.943465124159469 3.12465192109092
"/rpandin_first_haplo_PITG_09866.FASTA" 0.696325506536233 0.484127232995201 0.216774487930486
"/rpandin_first_haplo_PITG_09926.FASTA" 2.2937647410087 2.93631310796353 -7.55538676630527
"/rpandin_first_haplo_PITG_09927.FASTA" 1.97396383751996 2.74718453110745 -6.5274386603254
"/rpandin_first_haplo_PITG_09930.FASTA" 1.55467204220424 1.00530859092162 2.15446704530394
"/rpandin_first_haplo_PITG_09951.FASTA" 0.730834138367185 0.75902418776141 0.121648120724371
"/rpandin_first_haplo_PITG_09978.FASTA" 0.457017776177223 0.212699116029454 -1.1923267094137
"/rpandin_first_haplo_PITG_09990.FASTA" -0.466588736024551 1.41459870163428 0.329253981381638
"/rpandin_first_haplo_PITG_09995.FASTA" 0.554890118614659 0.653238878030994 -0.883718475922609
"/rpandin_first_haplo_PITG_10005.FASTA" 0.498857962837593 0.306782902177791 -0.873488690129035
"/rpandin_first_haplo_PITG_10007.FASTA" -4.25920923437988 2.87146934637368 0.588584946128755
"/rpandin_first_haplo_PITG_10049.FASTA" 0.469052523786955 0.56617837839148 0.049864228794783
"/rpandin_first_haplo_PITG_10052.FASTA" 0.566532010752584 0.533358362322821 -0.0835603396681913
"/rpandin_first_haplo_PITG_10089.FASTA" 1.45978987884376 1.93226098265652 -2.79020501969447
"/rpandin_first_haplo_PITG_10104.FASTA" 2.5828598470467 1.64679220717864 -2.34477872315619
"/rpandin_first_haplo_PITG_10106.FASTA" 1.80332322531619 1.5124606164466 -4.55118282941049
"/rpandin_first_haplo_PITG_10210.FASTA" 0.0557944651317011 -5.95636085103002 4.07897876262889
"/rpandin_first_haplo_PITG_10226.FASTA" 0.46544954950455 0.616785389037187 0.160628476874374
"/rpandin_first_haplo_PITG_10265.FASTA" 0.633641880603781 0.560969743972782 -0.57456507511415
"/rpandin_first_haplo_PITG_10286.FASTA" -0.546610348614654 -5.64787179248073 -0.651093369818151
"/rpandin_first_haplo_PITG_10292.FASTA" -0.523433244684334 -5.32886050751099 -0.572992229477944
"/rpandin_first_haplo_PITG_10298.FASTA" -0.526482758527921 1.49351667548002 0.354399691344546
"/rpandin_first_haplo_PITG_10311.FASTA" 0.657761365035661 0.51521134230224 -0.435575697692164
"/rpandin_first_haplo_PITG_10384.FASTA" -0.158394594712106 -4.93272319983395 0.116398643817448
"/rpandin_first_haplo_PITG_10457.FASTA" 1.63345096964274 2.13364658758796 -1.63938128476014
"/rpandin_first_haplo_PITG_10465.FASTA" 0.672617937943282 -0.202017972701973 -1.49245760273482
"/rpandin_first_haplo_PITG_10470.FASTA" 0.726211277591805 0.457862992052328 0.455454903446981
"/rpandin_first_haplo_PITG_10471.FASTA" -5.96397837849492 3.51714068089427 0.25903554635976
"/rpandin_first_haplo_PITG_10499.FASTA" 0.475205217250996 0.585026833346281 0.2178567603337
"/rpandin_first_haplo_PITG_10505.FASTA" -0.29951100022956 -3.11858559524737 0.016448321900113
"/rpandin_first_haplo_PITG_10508.FASTA" 0.716064200328995 0.699712003000725 -0.644070674970212
"/rpandin_first_haplo_PITG_10519.FASTA" -0.386087048280463 -4.65569899641017 -0.68202691136672
"/rpandin_first_haplo_PITG_10526.FASTA" -0.20870670053942 -5.20206408222001 -0.491145558421948
"/rpandin_first_haplo_PITG_10534.FASTA" 0.750699195374905 0.138284665394084 -1.46128946932417
"/rpandin_first_haplo_PITG_10540.FASTA" -5.50106088428077 2.96804668864853 0.784751289587967
"/rpandin_first_haplo_PITG_10546.FASTA" 1.00128625660257 1.13697823614308 -3.99340645239872
"/rpandin_first_haplo_PITG_10590.FASTA" 0.464688553881875 0.593977852780769 0.0956709823144813
"/rpandin_first_haplo_PITG_10617.FASTA" 0.655691035558829 0.834869867371136 -0.214858251579318
"/rpandin_first_haplo_PITG_10664.FASTA" 0.840040870615691 0.617328051161284 -1.49692123628251
"/rpandin_first_haplo_PITG_10723.FASTA" 0.471514082915569 0.545981570691538 0.174671787464439
"/rpandin_first_haplo_PITG_10729.FASTA" 1.57737475305343 1.48674514355164 -0.296054655961663
"/rpandin_first_haplo_PITG_10824.FASTA" 0.456434251189973 0.461027563720912 -0.314692638995628
"/rpandin_first_haplo_PITG_10865.FASTA" 1.69159852677127 0.385434360103645 6.38108233771735
"/rpandin_first_haplo_PITG_10890.FASTA" 0.47176673304411 0.339188449082553 -0.679988811383736
"/rpandin_first_haplo_PITG_10921.FASTA" 2.5998486655061 2.88715135453649 -0.418364353954352
"/rpandin_first_haplo_PITG_10943.FASTA" -12.6414310402632 3.45640817951384 1.05838937070489
"/rpandin_first_haplo_PITG_10965.FASTA" 0.749697262255596 0.661799420892835 0.413473042813108
"/rpandin_first_haplo_PITG_10986.FASTA" 0.629157379328382 0.782631123200631 -1.0649789372626
"/rpandin_first_haplo_PITG_11006.FASTA" -0.302072318605963 -5.35366530664994 -0.522419120925843
"/rpandin_first_haplo_PITG_11021.FASTA" -0.629742683808152 1.58730283571139 0.259289710026342
"/rpandin_first_haplo_PITG_11130.FASTA" 1.55025328155666 0.486780797789329 3.80773000994638
"/rpandin_first_haplo_PITG_11163.FASTA" -0.471379847799534 -6.10570470137976 -0.650439053169171
"/rpandin_first_haplo_PITG_11203.FASTA" 1.28856631487125 1.46264750957818 -0.982963244212762
"/rpandin_first_haplo_PITG_11208.FASTA" 1.18043978179715 0.335719799373958 5.28018645478205
"/rpandin_first_haplo_PITG_11236.FASTA" 1.29368443515656 1.30370555275406 -2.23781601056791
"/rpandin_first_haplo_PITG_11260.FASTA" -0.347099430517588 0.459719880687467 0.119804922305673
"/rpandin_first_haplo_PITG_11270.FASTA" 0.809233730259869 0.657967898902494 1.31355367074147
"/rpandin_first_haplo_PITG_11272.FASTA" 0.85471103731393 0.745682339665475 -1.79288660641723
"/rpandin_first_haplo_PITG_11279.FASTA" -0.128246783855306 -6.39201854449189 -0.346176566981457
"/rpandin_first_haplo_PITG_11327.FASTA" 0.460927630091466 0.548778155689132 -0.0402265703136718
"/rpandin_first_haplo_PITG_11373.FASTA" -0.348563144314394 -6.43801352680089 -1.26636550026824
"/rpandin_first_haplo_PITG_11398.FASTA" 0.700879614891877 0.696554058452465 0.342400888365075
"/rpandin_first_haplo_PITG_11400.FASTA" 0.540600727186419 0.549169427042292 -0.482038552512673
"/rpandin_first_haplo_PITG_11438.FASTA" 0.458563610401386 0.524542349633141 -0.105747690258885
"/rpandin_first_haplo_PITG_11578.FASTA" 2.05132930985851 0.940326980514877 -7.4638213115593
"/rpandin_first_haplo_PITG_11586.FASTA" -3.53060297987792 -25.3438925112691 -4.6578351590802
"/rpandin_first_haplo_PITG_11589.FASTA" -0.232173873273339 -0.0035942542922552 -0.0445426680767769
"/rpandin_first_haplo_PITG_11593.FASTA" 2.62245613520799 0.553557060761892 9.50442611488724
"/rpandin_first_haplo_PITG_11600.FASTA" -20.3584264236951 2.41735504398699 0.881778126702751
"/rpandin_first_haplo_PITG_11662.FASTA" 0.068446445378353 -4.38336517731878 0.562474042882536
"/rpandin_first_haplo_PITG_11664.FASTA" -4.54792968446522 2.97665973377374 -0.0114687635784685
"/rpandin_first_haplo_PITG_11666.FASTA" 0.792550377382802 0.823618275897113 -0.228939103623093
"/rpandin_first_haplo_PITG_11703.FASTA" -0.348322899741372 -3.31223091659594 -0.107700851620669
"/rpandin_first_haplo_PITG_11723.FASTA" 0.929932183631015 0.904302735052551 -1.71239802249757
"/rpandin_first_haplo_PITG_11748.FASTA" 0.465449549504549 0.61678538903718 0.160628476874371
"/rpandin_first_haplo_PITG_11749.FASTA" -0.629742683808152 1.58730283571139 0.25928971002634
"/rpandin_first_haplo_PITG_11752.FASTA" 0.54392015183227 0.703644597280134 -0.527668472602138
"/rpandin_first_haplo_PITG_11757.FASTA" -0.379375509989812 -4.03205959769879 -0.303922965779897
"/rpandin_first_haplo_PITG_11759.FASTA" 0.5591943247528 0.641775939210218 0.233976142336769
"/rpandin_first_haplo_PITG_11797.FASTA" 0.679663788183316 0.268517280937421 -1.69801103763122
"/rpandin_first_haplo_PITG_11885.FASTA" 0.492801530150425 0.581684647884258 -0.345502329923531
"/rpandin_first_haplo_PITG_11898.FASTA" 0.823714611650892 0.47839822774744 -0.101613090776971
"/rpandin_first_haplo_PITG_11921.FASTA" 0.48662971650134 0.534556525397723 -0.185246770054632
"/rpandin_first_haplo_PITG_11961.FASTA" 0.92121279050428 0.720813923176447 -0.746857857050552
"/rpandin_first_haplo_PITG_11987.FASTA" 0.516816033278511 0.28284388208415 -0.403487924968455
"/rpandin_first_haplo_PITG_12003.FASTA" 0.718976648750427 0.613670878417834 -1.29320220488304
"/rpandin_first_haplo_PITG_12057.FASTA" 0.603442930316173 0.59128562122022 -0.427132673125934
"/rpandin_first_haplo_PITG_12058.FASTA" 0.0250322415525819 -4.05216153165546 -1.12441585776633
"/rpandin_first_haplo_PITG_12106.FASTA" 0.842264124136202 0.305432147001732 -0.106076119757413
"/rpandin_first_haplo_PITG_12128.FASTA" 0.639750555373462 0.575900524485828 0.403734541491013
"/rpandin_first_haplo_PITG_12138.FASTA" 0.901502671200759 0.71473395049242 -1.67023929015446
"/rpandin_first_haplo_PITG_12161.FASTA" 1.10367418150848 0.226439218513627 4.80074967802747
"/rpandin_first_haplo_PITG_12196.FASTA" -3.89798461720246 2.85873631785172 0.166859204897682
"/rpandin_first_haplo_PITG_12216.FASTA" -3.24440157520787 3.59993620399641 1.12103650104307
"/rpandin_first_haplo_PITG_12231.FASTA" 0.493061080633133 0.535569669341787 -0.108469770831051
"/rpandin_first_haplo_PITG_12252.FASTA" -0.379049125871823 -4.68746702683356 -0.619826937328648
"/rpandin_first_haplo_PITG_12283.FASTA" 0.550582177263622 0.409437364977992 0.0213326713097022
"/rpandin_first_haplo_PITG_12327.FASTA" 0.508073451326147 0.571117277751146 -0.172155000205697
"/rpandin_first_haplo_PITG_12426.FASTA" 0.517686926440721 0.601764941828274 -0.184539861631896
"/rpandin_first_haplo_PITG_12436.FASTA" -0.70140711097679 1.71648428297234 0.255731359023461
"/rpandin_first_haplo_PITG_12547.FASTA" 1.63403095696482 1.46524016113216 -3.34015768234277
"/rpandin_first_haplo_PITG_12561.FASTA" -0.0436007597342289 -3.4066682590249 0.757370250903964
"/rpandin_first_haplo_PITG_12607.FASTA" -0.333193307983357 -3.68560996319221 -0.422462100939438
"/rpandin_first_haplo_PITG_12663.FASTA" 0.585248948244306 0.523646861669638 -0.0717402911154583
"/rpandin_first_haplo_PITG_12670.FASTA" 0.840698602440187 1.20937449726929 -0.751159841016179
"/rpandin_first_haplo_PITG_12683.FASTA" 1.14887277587582 0.39264684461215 5.07680776897041
"/rpandin_first_haplo_PITG_12696.FASTA" 0.469770976286567 0.55558154580673 -0.0426311658742014
"/rpandin_first_haplo_PITG_12738.FASTA" -0.198851446073499 -4.98501713813681 0.20020931330542
"/rpandin_first_haplo_PITG_12790.FASTA" 0.629704500462381 0.568918441150169 -0.938646417684946
"/rpandin_first_haplo_PITG_12808.FASTA" 0.659738385851857 0.79841506864587 -0.544869662386495
"/rpandin_first_haplo_PITG_12825.FASTA" 0.58904053658447 0.169797334243872 0.068742816880491
"/rpandin_first_haplo_PITG_12886.FASTA" -0.534413559380996 2.55448246048167 -0.337573437133367
"/rpandin_first_haplo_PITG_12934.FASTA" 1.02138312670894 1.02371401505696 1.18598995026718
"/rpandin_first_haplo_PITG_12944.FASTA" 3.03071067987532 -0.521849244846129 11.5878505312315
"/rpandin_first_haplo_PITG_12991.FASTA" 0.530395346704652 0.439020726847895 -0.976545384245314
"/rpandin_first_haplo_PITG_13004.FASTA" -1.32587171540701 -4.13331692714136 -0.681703114526108
"/rpandin_first_haplo_PITG_13029.FASTA" 3.63818484234576 0.406274454455616 11.6311847952322
"/rpandin_first_haplo_PITG_13031.FASTA" 1.8379984743412 -0.348726446342394 -0.470854848985989
"/rpandin_first_haplo_PITG_13082.FASTA" 0.645080765462857 0.494645786966083 -0.865012881708043
"/rpandin_first_haplo_PITG_13096.FASTA" 0.728373699092827 0.231359822011666 -1.34159247302923
"/rpandin_first_haplo_PITG_13129.FASTA" 2.99524845656427 3.96827151069261 -0.985982383473338
"/rpandin_first_haplo_PITG_13135.FASTA" 0.733208491070926 0.411833583583417 -4.10476521005639
"/rpandin_first_haplo_PITG_13149.FASTA" 0.729387486863017 0.534988751804362 -1.07610629976059
"/rpandin_first_haplo_PITG_13168.FASTA" 1.41919027229928 0.964760358672108 -1.27795537066365
"/rpandin_first_haplo_PITG_13184.FASTA" 0.471792285366779 0.498427450770821 -0.11110552905235
"/rpandin_first_haplo_PITG_13185.FASTA" 0.463192807447485 0.536116617433481 -0.040884069566079
"/rpandin_first_haplo_PITG_13188.FASTA" 0.527523915228465 0.538540267571683 0.0312008258198489
"/rpandin_first_haplo_PITG_13218.FASTA" 0.58742666912539 0.653145578878167 -1.07676327072344
"/rpandin_first_haplo_PITG_13223.FASTA" 0.60953953476385 0.416294019897221 0.00671051187337428
"/rpandin_first_haplo_PITG_13235.FASTA" 0.479110735656964 0.550215570612323 -0.350321405388304
"/rpandin_first_haplo_PITG_13236.FASTA" 0.59012382071029 0.435472517983084 -1.32931234354295
"/rpandin_first_haplo_PITG_13299.FASTA" 0.559182268732524 0.448150039141002 -0.557004812411862
"/rpandin_first_haplo_PITG_13308.FASTA" 0.523906179630883 0.651240829934725 -0.315339937608108
"/rpandin_first_haplo_PITG_13368.FASTA" 0.517782506058486 0.502957813341353 -0.226452477870793
"/rpandin_first_haplo_PITG_13391.FASTA" 0.460017980927191 0.547118801169731 -0.0387789043717764
"/rpandin_first_haplo_PITG_13395.FASTA" 1.73065384556795 2.45235346558384 -1.29117322267913
"/rpandin_first_haplo_PITG_13413.FASTA" -0.466588736024549 1.41459870163428 0.329253981381639
"/rpandin_first_haplo_PITG_13422.FASTA" 1.37596264815396 1.75376790266158 -1.74294906220781
"/rpandin_first_haplo_PITG_13433.FASTA" 0.435508994223664 0.42466233683179 -0.469116743200736
"/rpandin_first_haplo_PITG_13496.FASTA" 0.464468171633983 0.38158559243201 -0.553949223612772
"/rpandin_first_haplo_PITG_13502.FASTA" -0.333905709172665 -5.31808241352298 0.137515118717504
"/rpandin_first_haplo_PITG_13511.FASTA" 1.37863113449311 0.777582396227179 0.776814082924776
"/rpandin_first_haplo_PITG_13532.FASTA" -0.77114937246863 -9.74345203787977 -1.15239259948435
"/rpandin_first_haplo_PITG_13560.FASTA" -2.03952069869303 1.90630809393866 0.474995572486218
"/rpandin_first_haplo_PITG_13562.FASTA" 0.520890196114493 0.163056116917252 -0.506317549394599
"/rpandin_first_haplo_PITG_13569.FASTA" -0.602962904000372 -6.34683581041524 -0.806325470484528
"/rpandin_first_haplo_PITG_13575.FASTA" 1.02275941568915 0.941199934857582 1.43500785240943
"/rpandin_first_haplo_PITG_13615.FASTA" 0.644346755559743 0.568276546073641 -1.18330780688407
"/rpandin_first_haplo_PITG_13625.FASTA" 0.585465274239634 0.058195141776185 -1.27075676270247
"/rpandin_first_haplo_PITG_13628.FASTA" 0.48327289422896 0.504824262671649 -0.140112402813594
"/rpandin_first_haplo_PITG_13665.FASTA" -0.466588736024549 1.41459870163428 0.329253981381639
"/rpandin_first_haplo_PITG_13679.FASTA" 0.474618293152654 0.128430672232059 -0.634127977155742
"/rpandin_first_haplo_PITG_13737.FASTA" 0.473810687312202 0.572882663128395 -0.0677842893289082
"/rpandin_first_haplo_PITG_13766.FASTA" 1.39474117197022 1.37494190792681 -1.88560554668334
"/rpandin_first_haplo_PITG_13783.FASTA" 0.771249793756782 0.706912665816371 -0.0634852325627518
"/rpandin_first_haplo_PITG_13806.FASTA" 1.72617417695395 0.529420316303234 -2.57963263772036
"/rpandin_first_haplo_PITG_13819.FASTA" 0.730697643002901 0.743809971146305 -0.163763017876635
"/rpandin_first_haplo_PITG_13849.FASTA" 1.01921293768861 1.44057458423174 0.0881002059495768
"/rpandin_first_haplo_PITG_13851.FASTA" 1.34326437896947 1.61544077603547 -1.04055129507978
"/rpandin_first_haplo_PITG_13853.FASTA" -3.97383275581775 3.40216960452425 0.353003357576742
"/rpandin_first_haplo_PITG_13862.FASTA" 0.633755517499911 0.462308380833192 -1.22952148515864
"/rpandin_first_haplo_PITG_13866.FASTA" -0.336385660241155 -3.17228991043977 -0.117325838455787
"/rpandin_first_haplo_PITG_13924.FASTA" 1.49616070346857 1.0157606232677 -2.2791641040261
"/rpandin_first_haplo_PITG_13942.FASTA" 0.086537676093518 -4.77211779970803 3.73843527244233
"/rpandin_first_haplo_PITG_13968.FASTA" 0.815327022109014 0.837664250389501 -2.2316939705007
"/rpandin_first_haplo_PITG_14014.FASTA" 0.68515182176327 0.518557169965943 0.681963762922285
"/rpandin_first_haplo_PITG_14034.FASTA" 0.499604957052159 0.551878062488299 -0.174303402116214
"/rpandin_first_haplo_PITG_14091.FASTA" -0.383656145833922 -4.06935191211046 -0.200711910014359
"/rpandin_first_haplo_PITG_14140.FASTA" 1.15497496115321 0.656656412760319 -1.10405757434049
"/rpandin_first_haplo_PITG_14162.FASTA" 0.620929858509234 0.623745409177037 -0.572994746055661
"/rpandin_first_haplo_PITG_14175.FASTA" 2.31856831252163 -0.153477561871314 8.58927709198838
"/rpandin_first_haplo_PITG_14192.FASTA" -0.190810717119548 -3.59685179696931 -0.39134818365605
"/rpandin_first_haplo_PITG_14220.FASTA" 1.39374273973936 0.28699355540998 -3.7065912570958
"/rpandin_first_haplo_PITG_14252.FASTA" 0.552553689007743 -0.069714235709741 -0.77318369891435
"/rpandin_first_haplo_PITG_14365.FASTA" 0.621776589044493 0.178503723632331 -1.55203911032813
"/rpandin_first_haplo_PITG_14383.FASTA" -4.41979273095944 3.21448274926685 0.321808841827933
"/rpandin_first_haplo_PITG_14389.FASTA" -0.45640917975445 1.59856173666983 0.792443666374259
"/rpandin_first_haplo_PITG_14416.FASTA" 0.453417279276581 0.326878702455733 -0.754816993838909
"/rpandin_first_haplo_PITG_14417.FASTA" -0.29218219222694 -2.6045400842325 0.0317403824785238
"/rpandin_first_haplo_PITG_14468.FASTA" 0.465449549504553 0.616785389037177 0.160628476874373
"/rpandin_first_haplo_PITG_14616.FASTA" 0.62162889691295 0.108289927191914 -1.37487063517434
"/rpandin_first_haplo_PITG_14640.FASTA" 1.19265372924188 1.34524259864675 -1.29561896183475
"/rpandin_first_haplo_PITG_14720.FASTA" 0.521464114743322 0.464627544721766 0.204447163936704
"/rpandin_first_haplo_PITG_14728.FASTA" 0.469549152259885 0.294418849302048 -0.162772848517217
"/rpandin_first_haplo_PITG_14749.FASTA" 0.858632040644487 -15.2865705987769 11.5520460035697
"/rpandin_first_haplo_PITG_14833.FASTA" 0.59755876732041 0.669180811746885 -0.132045441848664
"/rpandin_first_haplo_PITG_14840.FASTA" 0.935475078350967 0.419493765706919 0.716314646385498
"/rpandin_first_haplo_PITG_14863.FASTA" -2.18556804668082 2.04941624876041 0.464290101397204
"/rpandin_first_haplo_PITG_14864.FASTA" -0.292182192226941 -2.6045400842325 0.0317403824785234
"/rpandin_first_haplo_PITG_14868.FASTA" 0.50138278051578 0.575100156535704 0.00426828780120292
"/rpandin_first_haplo_PITG_14885.FASTA" 1.03682873428784 1.01212137578621 -1.29744765976095
"/rpandin_first_haplo_PITG_14893.FASTA" 0.670551649828812 0.732592212290497 -0.693497076158889
"/rpandin_first_haplo_PITG_14911.FASTA" 1.01677246130238 0.405313622220728 1.12735575656892
"/rpandin_first_haplo_PITG_14917.FASTA" 0.667681592025564 0.162393276895389 -0.588164917028868
"/rpandin_first_haplo_PITG_14999.FASTA" -0.268532597345606 -2.86221890799708 0.0551179599724361
"/rpandin_first_haplo_PITG_15084.FASTA" -0.39641872657411 -4.17802361974577 -0.382119526871106
"/rpandin_first_haplo_PITG_15099.FASTA" -0.138514289051664 -4.05054962211082 0.487998645707633
"/rpandin_first_haplo_PITG_15120.FASTA" 0.530509602322931 0.646926625936244 -0.185431848822263
"/rpandin_first_haplo_PITG_15141.FASTA" 0.543714429973321 0.339068516369064 -0.648938898276717
"/rpandin_first_haplo_PITG_15152.FASTA" 0.515177034616987 0.600852784325102 -0.264897200928092
"/rpandin_first_haplo_PITG_15179.FASTA" 3.3043499026473 1.04399792036887 5.66413165850789
"/rpandin_first_haplo_PITG_15201.FASTA" 1.04040570731812 0.798866359743071 -0.484163775711635
"/rpandin_first_haplo_PITG_15223.FASTA" 1.2010621721128 -0.389036205494397 -0.587725522487789
"/rpandin_first_haplo_PITG_15252.FASTA" 0.920538770313462 0.597114700574029 -3.91240485861298
"/rpandin_first_haplo_PITG_15253.FASTA" -0.341792219834322 -3.17531552934227 -0.0968567275493524
"/rpandin_first_haplo_PITG_15288.FASTA" 0.660340254314182 0.428839678026922 -0.851802395920946
"/rpandin_first_haplo_PITG_15290.FASTA" 1.17115384719416 0.748658179983846 -3.98899927162099
"/rpandin_first_haplo_PITG_15309.FASTA" 1.11335891903991 0.894851148193946 -1.64680267550372
"/rpandin_first_haplo_PITG_15472.FASTA" 0.604811286350961 0.158460002576531 -2.16762526958249
"/rpandin_first_haplo_PITG_15491.FASTA" -0.406301601195046 -4.04868895857236 -0.263135184136673
"/rpandin_first_haplo_PITG_15523.FASTA" 0.46652712820798 0.399372793142989 -0.327427600310176
"/rpandin_first_haplo_PITG_15536.FASTA" -0.326885199574557 -3.8649968048949 -0.136166211770872
"/rpandin_first_haplo_PITG_15539.FASTA" -0.2802928600535 -3.70784328438042 -0.396171830642361
"/rpandin_first_haplo_PITG_15582.FASTA" 0.66624751182333 0.395948067922868 -0.808621676693206
"/rpandin_first_haplo_PITG_15641.FASTA" 0.463459344266281 0.593192775744049 0.0942451297393682
"/rpandin_first_haplo_PITG_15670.FASTA" 0.77177582449775 0.796940481151034 0.024139265337878
"/rpandin_first_haplo_PITG_15675.FASTA" 0.760716307119434 1.10613216325623 -0.393196552623115
"/rpandin_first_haplo_PITG_15677.FASTA" 0.751472596205029 0.656191299560659 0.689361684627348
"/rpandin_first_haplo_PITG_15679.FASTA" 1.04062638325837 1.49654779766565 -1.53734948839176
"/rpandin_first_haplo_PITG_15731.FASTA" 0.714786865031646 0.610048594769003 -0.896886392571596
"/rpandin_first_haplo_PITG_15757.FASTA" -0.235084463501052 -3.36931395856629 0.0790015882732398
"/rpandin_first_haplo_PITG_15762.FASTA" 0.785393018088889 0.510753455366173 1.1048753856801
"/rpandin_first_haplo_PITG_15793.FASTA" -0.292364159104325 -4.41193352781052 -0.547169793300474
"/rpandin_first_haplo_PITG_15831.FASTA" -0.132330955866672 -3.75836595220291 0.398038537000178
"/rpandin_first_haplo_PITG_15839.FASTA" -2.20740396412631 2.06420021164029 0.462041474718991
"/rpandin_first_haplo_PITG_15853.FASTA" 0.570372256439645 0.247496868530971 -1.05472926600403
"/rpandin_first_haplo_PITG_15867.FASTA" 0.879631301952008 0.454884648913355 0.379625484349409
"/rpandin_first_haplo_PITG_15873.FASTA" 0.117710943391539 -4.39694908504643 3.58856870082571
"/rpandin_first_haplo_PITG_15890.FASTA" -0.394885557138981 -5.1077703318488 -0.978381780085926
"/rpandin_first_haplo_PITG_15908.FASTA" 2.31200718122509 0.368840712592948 8.23663441180895
"/rpandin_first_haplo_PITG_15918.FASTA" 2.2078172293715 1.6804174967223 0.891514980118692
"/rpandin_first_haplo_PITG_15922.FASTA" -0.996006849254092 2.27243826903515 0.135907081079311
"/rpandin_first_haplo_PITG_15924.FASTA" 0.57280888335326 0.472703728593841 -0.6003150322382
"/rpandin_first_haplo_PITG_16010.FASTA" 0.457285327977562 0.502211152723999 -0.173244478100193
"/rpandin_first_haplo_PITG_16036.FASTA" 1.78833060849359 0.507535849470617 0.0101643655236789
"/rpandin_first_haplo_PITG_16058.FASTA" 1.56713384338638 1.1216610809039 -0.194470705678558
"/rpandin_first_haplo_PITG_16072.FASTA" 0.689968682982504 0.438518562395754 0.145269461235493
"/rpandin_first_haplo_PITG_16100.FASTA" 1.00967665272849 0.355557125983467 0.315960614114076
"/rpandin_first_haplo_PITG_16112.FASTA" -17.4488471499512 1.60504893188479 0.898324196157088
"/rpandin_first_haplo_PITG_16117.FASTA" 0.6391976790526 0.614772604365247 -0.0709481650196549
"/rpandin_first_haplo_PITG_16123.FASTA" 0.477368171274991 0.4738803968281 -0.428589096437969
"/rpandin_first_haplo_PITG_16138.FASTA" 0.461649426053332 0.569986623038854 0.0278303480739628
"/rpandin_first_haplo_PITG_16153.FASTA" 0.461649426053333 0.569986623038855 0.0278303480739628
"/rpandin_first_haplo_PITG_16155.FASTA" -40.6363883382941 6.99416041296092 2.60215340571319
"/rpandin_first_haplo_PITG_16178.FASTA" 0.780838213386114 0.936447180600675 -1.97415709870727
"/rpandin_first_haplo_PITG_16320.FASTA" 0.686970910032132 0.279022210570334 -1.08618529822087
"/rpandin_first_haplo_PITG_16326.FASTA" 1.89242461487455 2.34882475137543 -3.56661652454282
"/rpandin_first_haplo_PITG_16341.FASTA" 0.385217633376913 0.555958124926002 -0.140903033125992
"/rpandin_first_haplo_PITG_16511.FASTA" 1.99807512046172 1.6453745720323 -4.71039665367039
"/rpandin_first_haplo_PITG_16526.FASTA" -0.27383001631293 -2.60144480613696 -0.03375554408432
"/rpandin_first_haplo_PITG_16566.FASTA" -0.490787594597955 -4.9813137012536 -0.517365791211526
"/rpandin_first_haplo_PITG_16648.FASTA" -0.298370530962734 -3.74514385363766 0.110910645071616
"/rpandin_first_haplo_PITG_16667.FASTA" -0.510046033800427 -5.31015494841126 -0.638371483571413
"/rpandin_first_haplo_PITG_16734.FASTA" 0.588304705940167 0.530720195796923 -0.134089972308997
"/rpandin_first_haplo_PITG_16759.FASTA" 0.547106776571485 0.390524886376176 -0.235458137029713
"/rpandin_first_haplo_PITG_16798.FASTA" -4.2147643216511 2.92814523861979 0.497453258900739
"/rpandin_first_haplo_PITG_16831.FASTA" -0.826884864795521 1.62420249378426 -0.615976157751942
"/rpandin_first_haplo_PITG_16884.FASTA" 0.446495128193493 0.464624843696603 -0.43840515935046
"/rpandin_first_haplo_PITG_16901.FASTA" 0.881562805395172 -0.0888476693804334 0.14346321718874
"/rpandin_first_haplo_PITG_16937.FASTA" -0.216852622654334 -4.31185256161732 -0.686415365726001
"/rpandin_first_haplo_PITG_16940.FASTA" 0.751126322202341 0.711735381603178 0.230684096383459
"/rpandin_first_haplo_PITG_17015.FASTA" -0.686021267173594 1.70176200517711 0.254692522570866
"/rpandin_first_haplo_PITG_17035.FASTA" 0.465931013545312 0.596711781803476 0.0887580989832435
"/rpandin_first_haplo_PITG_17056.FASTA" -3.57735369005945 3.43006968663774 0.471448412107279
"/rpandin_first_haplo_PITG_17084.FASTA" 0.638225052185375 0.43005265320206 -0.567312629650525
"/rpandin_first_haplo_PITG_17087.FASTA" 0.950786044086217 0.900528960239009 -1.52777571065411
"/rpandin_first_haplo_PITG_17161.FASTA" -0.296628763984397 -3.86161926463744 -0.290025557853024
"/rpandin_first_haplo_PITG_17162.FASTA" 1.07006741251429 0.628719168676695 1.53608238521046
"/rpandin_first_haplo_PITG_17243.FASTA" 0.490807288142071 0.398974819771209 -0.561010344129177
"/rpandin_first_haplo_PITG_17251.FASTA" 0.579054717458113 0.728697607252011 -0.673004989509223
"/rpandin_first_haplo_PITG_17264.FASTA" 0.477704496289704 0.616199057122371 0.0613232355775383
"/rpandin_first_haplo_PITG_17265.FASTA" 0.482006244157496 0.527086160673097 -0.286546405661257
"/rpandin_first_haplo_PITG_17282.FASTA" 1.5493294752121 0.88485302764125 -0.567783879101199
"/rpandin_first_haplo_PITG_17286.FASTA" 2.31193257452962 1.12685852041391 6.51661902594413
"/rpandin_first_haplo_PITG_17289.FASTA" -0.997568523453409 2.2807566346384 0.0345469928930196
"/rpandin_first_haplo_PITG_17346.FASTA" 0.824167666508623 0.295199126276225 -0.154361040471567
"/rpandin_first_haplo_PITG_17348.FASTA" -0.24657615911942 0.337694043807541 -0.13512274809333
"/rpandin_first_haplo_PITG_17386.FASTA" -66.4720960047234 -10.26199683238 0.961680506150009
"/rpandin_first_haplo_PITG_17405.FASTA" -4.25920923437989 2.87146934637367 0.588584946128753
"/rpandin_first_haplo_PITG_17423.FASTA" -0.536714658762409 1.50616071773117 0.284048319866526
"/rpandin_first_haplo_PITG_17445.FASTA" 0.460017980927185 0.547118801169731 -0.038778904371779
"/rpandin_first_haplo_PITG_17458.FASTA" -0.292182192226948 -2.6045400842325 0.0317403824785229
"/rpandin_first_haplo_PITG_17525.FASTA" -0.7182873773297 -7.90137565709612 -1.12860659303301
"/rpandin_first_haplo_PITG_17550.FASTA" 0.538555960394345 0.463158346019469 -0.340381372213522
"/rpandin_first_haplo_PITG_17582.FASTA" 0.524515118591516 0.438209381180029 -0.384714339035023
"/rpandin_first_haplo_PITG_17591.FASTA" 0.470809294582589 0.348616267122553 -0.738569809202556
"/rpandin_first_haplo_PITG_17592.FASTA" 0.656133020276695 0.388560976293105 0.613971829603781
"/rpandin_first_haplo_PITG_17611.FASTA" 0.46539839443919 0.576963548610883 0.0282872412436575
"/rpandin_first_haplo_PITG_17693.FASTA" -0.235382434525727 -3.65230455782987 -1.0339872541505
"/rpandin_first_haplo_PITG_17746.FASTA" 0.60882076792178 0.666538748744395 -0.181465933813393
"/rpandin_first_haplo_PITG_17859.FASTA" -1.81100216414714 1.92132581979431 3.78691944925618
"/rpandin_first_haplo_PITG_17871.FASTA" 0.819172582706376 0.0365560858781673 -0.153081169328203
"/rpandin_first_haplo_PITG_17884.FASTA" -0.217832370100414 -4.5892584828585 -0.487245754552977
"/rpandin_first_haplo_PITG_17889.FASTA" -0.0989479006087979 -6.79314591159024 -0.275338812980472
"/rpandin_first_haplo_PITG_17891.FASTA" 0.453310402636206 0.370817192573845 -0.599562487175604
"/rpandin_first_haplo_PITG_17968.FASTA" 0.476371047877886 0.440141302129379 -0.546526113492487
"/rpandin_first_haplo_PITG_18009.FASTA" 0.46164942605333 0.569986623038855 0.0278303480739616
"/rpandin_first_haplo_PITG_18025.FASTA" 1.40459014310207 1.25136791210648 -3.75205554544761
"/rpandin_first_haplo_PITG_18044.FASTA" 0.463981044852096 0.296382236141292 -0.917670466863075
"/rpandin_first_haplo_PITG_18046.FASTA" 0.466089566511982 0.325277419869153 -0.203618990846082
"/rpandin_first_haplo_PITG_18066.FASTA" 0.618436800502775 0.609133732405143 -0.470142831205934
"/rpandin_first_haplo_PITG_18075.FASTA" 0.912141562413025 0.641473220932793 1.12666167053862
"/rpandin_first_haplo_PITG_18092.FASTA" 0.793459317290028 0.583220175297058 -0.0248294001713501
"/rpandin_first_haplo_PITG_18101.FASTA" 1.28140296238324 1.53606178555845 -1.0059917013963
"/rpandin_first_haplo_PITG_18103.FASTA" 0.6106655761457 0.653988474890364 -0.650759346742677
"/rpandin_first_haplo_PITG_18106.FASTA" 1.6365616915046 0.0965313031273285 0.742928684838639
"/rpandin_first_haplo_PITG_18117.FASTA" 0.464905442554919 0.595815171011633 0.0909204492456442
"/rpandin_first_haplo_PITG_18151.FASTA" -0.292081243859241 -3.26755699943818 0.167908982488125
"/rpandin_first_haplo_PITG_18167.FASTA" 0.457285327977559 0.502211152723998 -0.173244478100193
"/rpandin_first_haplo_PITG_18168.FASTA" 0.786668304947346 0.73737377350381 1.12085524150146
"/rpandin_first_haplo_PITG_18193.FASTA" 0.609558368850244 0.427229303968274 0.577730298637066
"/rpandin_first_haplo_PITG_18195.FASTA" -0.341653372581853 -3.72824399028862 -0.106094592775527
"/rpandin_first_haplo_PITG_18243.FASTA" -2.43024287114788 2.68126080539701 5.86025445052798
"/rpandin_first_haplo_PITG_18253.FASTA" 0.453748843157005 0.304656178136423 -0.836024072669508
"/rpandin_first_haplo_PITG_18257.FASTA" 0.972303939703071 0.687738054909237 -1.27871923611232
"/rpandin_first_haplo_PITG_18298.FASTA" 0.532219655869929 0.553553595418328 -0.574032294308299
"/rpandin_first_haplo_PITG_18326.FASTA" 0.71843923555155 0.114908787914006 -1.41822400682526
"/rpandin_first_haplo_PITG_18342.FASTA" -0.31414831055095 -2.89289913322125 -0.0469085426821862
"/rpandin_first_haplo_PITG_18357.FASTA" 0.672207777526587 0.590331747739052 0.0373783172335573
"/rpandin_first_haplo_PITG_18385.FASTA" -0.243849493983829 -3.37296890630035 -0.409654432769349
"/rpandin_first_haplo_PITG_18455.FASTA" 0.460259112336219 0.50647143076737 -0.176387574587217
"/rpandin_first_haplo_PITG_18461.FASTA" -0.379521734982405 1.62896045535397 0.186598265838863
"/rpandin_first_haplo_PITG_18462.FASTA" -0.920456002858259 1.96591443120363 0.0677857757367317
"/rpandin_first_haplo_PITG_18464.FASTA" -0.302364999627686 -2.85671419057545 -0.0613991882547734
"/rpandin_first_haplo_PITG_18473.FASTA" -0.764704880095238 1.81810927923896 0.142670902079562
"/rpandin_first_haplo_PITG_18505.FASTA" 0.510552786150524 0.676103648372517 -0.173092288730457
"/rpandin_first_haplo_PITG_18524.FASTA" 0.550040103693654 0.693761465956166 -0.286051689993269
"/rpandin_first_haplo_PITG_18528.FASTA" -0.301062984132402 -2.8850890885276 0.0317416064454813
"/rpandin_first_haplo_PITG_18641.FASTA" -6.26435280788423 3.71224169049742 0.548665098876969
"/rpandin_first_haplo_PITG_18721.FASTA" 0.463459344266275 0.593192775744046 0.0942451297393678
"/rpandin_first_haplo_PITG_18727.FASTA" -0.572257353847149 1.63943641312129 0.119564940594637
"/rpandin_first_haplo_PITG_18746.FASTA" 0.896163055222368 0.411391700512901 -0.621726439603658
"/rpandin_first_haplo_PITG_18754.FASTA" 0.538672551965124 0.510234356806946 -0.25587635889574
"/rpandin_first_haplo_PITG_18755.FASTA" 0.573960221125696 0.493951822707849 -0.0545858385818355
"/rpandin_first_haplo_PITG_18762.FASTA" -0.259165438222474 -3.99621340040106 0.17832443007967
"/rpandin_first_haplo_PITG_18792.FASTA" 0.458849737792678 0.507843109814783 -0.0332557353627803
"/rpandin_first_haplo_PITG_18806.FASTA" -0.450061617194587 1.76434646343998 0.607777457514722
"/rpandin_first_haplo_PITG_18828.FASTA" 0.458563610401382 0.524542349633137 -0.105747690258888
"/rpandin_first_haplo_PITG_18834.FASTA" -0.292182192226947 -2.6045400842325 0.0317403824785225
"/rpandin_first_haplo_PITG_18889.FASTA" -0.469743345443235 -4.67494258073399 -0.428238646983089
"/rpandin_first_haplo_PITG_18920.FASTA" -0.39217546035436 -3.76003234874059 -0.227042862806407
"/rpandin_first_haplo_PITG_18940.FASTA" -3.60379899558867 3.41863051486923 0.368886240636475
"/rpandin_first_haplo_PITG_18966.FASTA" -0.93700781472518 1.96156573854988 0.0769501148096254
"/rpandin_first_haplo_PITG_18986.FASTA" -0.696535092335067 1.99613887260545 -0.489889332258219
"/rpandin_first_haplo_PITG_19056.FASTA" -0.3204571282301 -4.03268243392861 -0.290339991357957
"/rpandin_first_haplo_PITG_19070.FASTA" 0.539634121392211 0.635489661180125 -0.100623122839983
"/rpandin_first_haplo_PITG_19078.FASTA" -0.341792219834326 -3.17531552934227 -0.0968567275493521
"/rpandin_first_haplo_PITG_19095.FASTA" 0.460017980927185 0.547118801169731 -0.0387789043717789
"/rpandin_first_haplo_PITG_19110.FASTA" 0.755016520302144 0.678122891532593 1.15546337464385
"/rpandin_first_haplo_PITG_19115.FASTA" 1.03324217209892 0.430945136615298 -2.44470475131659
"/rpandin_first_haplo_PITG_19153.FASTA" 1.5145131122278 0.646250728943864 -0.793383637362017
"/rpandin_first_haplo_PITG_19168.FASTA" -0.195497410115175 -4.67974010441499 0.540918696645803
"/rpandin_first_haplo_PITG_19178.FASTA" 0.465449549504549 0.616785389037182 0.16062847687437
"/rpandin_first_haplo_PITG_19191.FASTA" -0.372302592333371 1.61171323759829 3.8185439059233
"/rpandin_first_haplo_PITG_19254.FASTA" -0.629742683808154 1.5873028357114 0.25928971002634
"/rpandin_first_haplo_PITG_19380.FASTA" -0.267592773398079 -2.32282136272808 0.0958419989803325
"/rpandin_first_haplo_PITG_19381.FASTA" -0.205824081930997 -3.11088166882807 0.277810089667299
"/rpandin_first_haplo_PITG_19418.FASTA" -15.4528735743801 4.15984747432381 0.983147407223022
"/rpandin_first_haplo_PITG_19536.FASTA" 0.541555499601452 0.739458668478126 -0.912261879218844
"/rpandin_first_haplo_PITG_19547.FASTA" 0.465449549504548 0.61678538903718 0.16062847687437
"/rpandin_first_haplo_PITG_19592.FASTA" 0.588353676089545 0.468719029407295 -0.689702350078857
"/rpandin_first_haplo_PITG_19603.FASTA" 0.514678848010935 0.520057002090265 -0.39342856793426
"/rpandin_first_haplo_PITG_19606.FASTA" -0.629203774062979 1.58842383103133 0.259032392025624
"/rpandin_first_haplo_PITG_19611.FASTA" 0.468008108861026 0.497004146234401 -0.190472483831253
"/rpandin_first_haplo_PITG_19737.FASTA" -0.346567217382075 -3.27351956322029 -0.103757537541556
"/rpandin_first_haplo_PITG_19764.FASTA" 1.29781760973459 1.11096713338199 -0.517202017487225
"/rpandin_first_haplo_PITG_19767.FASTA" 0.562540378932705 0.218994664939841 0.0457506343502781
"/rpandin_first_haplo_PITG_19816.FASTA" -0.790980784075022 2.09462101142777 -0.407462087804614
"/rpandin_first_haplo_PITG_19846.FASTA" 0.727571383927297 0.544488161456153 -1.62808389878113
"/rpandin_first_haplo_PITG_19848.FASTA" -2.37628510042963 2.22377686683608 0.449443272279202
"/rpandin_first_haplo_PITG_19863.FASTA" 0.593909640577091 0.404034463480011 0.272020002784439
"/rpandin_first_haplo_PITG_19868.FASTA" -4.43390731666149 3.12293696476583 0.994337853078308
"/rpandin_first_haplo_PITG_19887.FASTA" 0.666318154867897 0.483185876531482 -0.777416054400213
"/rpandin_first_haplo_PITG_19889.FASTA" 0.503866612879482 0.44283490238848 -0.566493048185978
"/rpandin_first_haplo_PITG_19938.FASTA" -0.415303973632583 -4.07673832189982 -0.300192909731617
"/rpandin_first_haplo_PITG_19945.FASTA" -0.316905551831138 -2.88850107960216 -0.0324399500475248
"/rpandin_first_haplo_PITG_19956.FASTA" -0.348322899741378 -3.31223091659594 -0.10770085162067
"/rpandin_first_haplo_PITG_19966.FASTA" 0.463459344266275 0.593192775744048 0.094245129739368
"/rpandin_first_haplo_PITG_19968.FASTA" 0.454503319193461 0.436233890157684 -0.3806695665161
"/rpandin_first_haplo_PITG_20090.FASTA" 0.463459344266275 0.593192775744048 0.0942451297393678
"/rpandin_first_haplo_PITG_20099.FASTA" -0.366872041636037 -3.4656102590542 -0.161669877095002
"/rpandin_first_haplo_PITG_20159.FASTA" 0.0596871790073273 0.180936804907723 -3.6880589836984
"/rpandin_first_haplo_PITG_20210.FASTA" 0.462389993106264 0.753018678386539 -0.514296055790017
"/rpandin_first_haplo_PITG_20221.FASTA" 0.541558237496964 0.569903148075351 -0.563173908898811
"/rpandin_first_haplo_PITG_20223.FASTA" -0.268532597345608 -2.86221890799708 0.0551179599724356
"/rpandin_first_haplo_PITG_20247.FASTA" -0.913832185592117 2.10101763892966 0.426648800902213
"/rpandin_first_haplo_PITG_20283.FASTA" 0.460748078801337 0.487427905823335 -0.159694054006041
"/rpandin_first_haplo_PITG_20331.FASTA" 0.680638595400383 1.02753152631485 -1.44836633189308
"/rpandin_first_haplo_PITG_20370.FASTA" 0.753567150105371 0.911399544220067 -0.976313287642804
"/rpandin_first_haplo_PITG_20382.FASTA" 0.493818305967875 0.574656350982164 -0.03329267475309
"/rpandin_first_haplo_PITG_20447.FASTA" 0.0395700118028453 -4.4666590154073 3.69014896586414
"/rpandin_first_haplo_PITG_20465.FASTA" -3.2428237473622 3.05942485915702 0.390799779343802
"/rpandin_first_haplo_PITG_20489.FASTA" -0.410191494304373 -5.38812612846701 -1.0622303261638
"/rpandin_first_haplo_PITG_20502.FASTA" 1.2376728550098 0.400957117795432 0.843035219091527
"/rpandin_first_haplo_PITG_20522.FASTA" -0.267592773398079 -2.32282136272808 0.0958419989803327
"/rpandin_first_haplo_PITG_20526.FASTA" -0.961204529466925 2.19830568724152 0.390908414044734
"/rpandin_first_haplo_PITG_20530.FASTA" -5.41159210228863 3.86795510487749 0.408640420415256
"/rpandin_first_haplo_PITG_20592.FASTA" -0.296488869876814 -2.84826688460359 -0.0995122256657888
"/rpandin_first_haplo_PITG_20610.FASTA" 0.527445691882228 -0.270808729548093 -2.78256177484775
"/rpandin_first_haplo_PITG_20628.FASTA" 0.548016931288286 0.719584408221584 -0.403413176117163
"/rpandin_first_haplo_PITG_20714.FASTA" 1.15608698991594 1.36235102416112 -1.02068499764647
"/rpandin_first_haplo_PITG_20741.FASTA" 0.693178428944367 0.997656225476533 -0.553910022120984
"/rpandin_first_haplo_PITG_20794.FASTA" 0.553046666159373 0.671545261460538 -0.686486828896224
"/rpandin_first_haplo_PITG_20949.FASTA" -0.346234404986782 -4.28739284299943 -0.299856480263724
"/rpandin_first_haplo_PITG_20996.FASTA" -0.224770523964819 -3.46534469165629 -0.0745699004982077
"/rpandin_first_haplo_PITG_21091.FASTA" -3.53614956697033 2.25651463451115 0.585893026986255
"/rpandin_first_haplo_PITG_21106.FASTA" -32.4768130784128 4.64019780777813 0.577741633754428
"/rpandin_first_haplo_PITG_21126.FASTA" -2.30571558173345 2.09825963873005 0.632267276276836
"/rpandin_first_haplo_PITG_21166.FASTA" -0.184304785119792 -5.63810952422132 0.234286522113889
"/rpandin_first_haplo_PITG_21380.FASTA" -0.592263453917162 1.60581905819594 0.244673280695401
"/rpandin_first_haplo_PITG_21440.FASTA" -0.363407179875434 -3.47313791848217 -0.18122638013591
"/rpandin_first_haplo_PITG_21556.FASTA" -4.82743842040762 4.04384576285362 1.81923438704194
"/rpandin_first_haplo_PITG_21560.FASTA" 0.0360520796849276 -4.26429895015734 3.59576864329615
"/rpandin_first_haplo_PITG_21626.FASTA" 1.06792244708808 1.03925572375736 2.14699737974737
"/rpandin_first_haplo_PITG_21812.FASTA" -0.0424521797117386 -6.10800161131685 -1.18980228292019
"/rpandin_first_haplo_PITG_22134.FASTA" -0.217414310560902 -3.86373495302326 -0.83354606556329
"/rpandin_first_haplo_PITG_22223.FASTA" 0.463290890147033 0.575862014525016 0.0242501916332656
"/rpandin_first_haplo_PITG_22262.FASTA" -0.234736187281432 -2.58000501491711 0.113990107048088
"/rpandin_first_haplo_PITG_22686.FASTA" 1.41022352116015 2.71542569281499 -2.43003236627783
"/rpandin_first_haplo_PITG_22723.FASTA" 0.712806838026931 0.784193663152797 -1.0574982366153
"/rpandin_first_haplo_PITG_22791.FASTA" -0.349936481560146 -6.51672196346859 0.794656528588685
"/rpandin_first_haplo_PITG_22795.FASTA" -0.232411129637702 -4.9914038800384 -1.4452298278816
"/rpandin_first_haplo_PITG_22797.FASTA" -1.23691252025945 -3.32621978479308 -0.265668672882932
"/rpandin_first_haplo_PITG_22837.FASTA" -0.304502703818222 -7.5326642777973 -0.066483037961612
"/rpandin_first_haplo_PITG_22857.FASTA" -0.523170025038704 -5.31876759995193 -0.568459504587877
"/rpandin_first_haplo_PITG_22960.FASTA" -0.303867069639097 -2.94775950747762 -0.0682030193070882
"/rpandin_first_haplo_PITG_22988.FASTA" 0.817629695726038 0.574183585488298 -0.640755953787341
"/rpandin_first_haplo_PITG_22989.FASTA" 3.31051394654374 -0.046479294647993 9.15914831111306
"/rpandin_first_haplo_PITG_23029.FASTA" 0.670489200382908 0.674356800901335 -0.741678062678697
"/rpandin_first_haplo_PITG_23049.FASTA" 0.905793893941896 1.00338854047375 -1.23546941391108
"/rpandin_first_haplo_PITG_23134.FASTA" -0.645835118521481 -7.10194165145941 -0.965976309308643
"/rpandin_first_haplo_PITG_23344.FASTA" -0.499991599717366 -5.95191970217689 -0.907041060844863
